Date,Open,High,Low,Close,Volume,Dividends,Stock Splits
2007-01-03,21.694292604585197,22.24490883188684,21.65193651588841,22.024662017822266,1762900,0.0,0
2007-01-04,22.024657724181203,22.956470489501953,21.93147596293335,22.956470489501953,1771400,0.0,0
2007-01-05,23.092006210135725,23.092006210135725,22.600686997823015,22.736223220825195,1516200,0.0,0
2007-01-08,22.854818809258706,23.25295790939043,22.744696225304423,23.142833709716797,2039200,0.0,0
2007-01-09,23.312254478092708,23.532501258588155,23.11742134694189,23.39696502685547,2213500,0.0,0
2007-01-10,23.396962706458346,23.490142846708835,23.117419054268545,23.35460662841797,940400,0.0,0
2007-01-11,23.39696900069735,23.939114019708338,23.39696900069735,23.61721420288086,1756200,0.0,0
2007-01-12,23.659573207366503,23.98147144813484,23.557920195917667,23.786638259887695,1307200,0.0,0
2007-01-16,23.964522421047057,23.998405669449227,23.549440914155937,23.634151458740234,1998900,0.0,0
2007-01-17,23.63415012172668,23.854396878898513,23.50708511989809,23.51555633544922,2350400,0.0,0
2007-01-18,23.507089329190848,23.507089329190848,21.821355909920793,21.93147850036621,4114300,0.0,0
2007-01-19,21.855240084799437,22.40585790742182,21.855240084799437,22.371973037719727,1842200,0.0,0
2007-01-22,22.13477753049635,22.244901710131924,21.643458368947563,21.770524978637695,1955100,0.0,0
2007-01-23,21.7705308745319,22.177139611644716,21.719703570603176,21.99077606201172,1083800,0.0,0
2007-01-24,22.10936669040084,22.321142230317097,22.050069797739354,22.11783790588379,1605800,0.0,0
2007-01-25,23.888285395392487,25.497779434776938,23.642624953987585,25.074228286743164,6152700,0.0,0
2007-01-26,25.28600521035503,25.370715767626937,24.820097953219275,25.12505531311035,2542900,0.0,0
2007-01-29,25.10810509508248,25.582483422461657,24.955626462404812,25.557069778442383,2166500,0.0,0
2007-01-30,25.53166518119808,26.158520747653103,25.353774457187136,26.08228302001953,1850400,0.0,0
2007-01-31,25.921333277915117,26.438064633552944,25.64178955577676,26.302528381347656,1439800,0.0,0
2007-02-01,26.42959378021419,27.234341653336287,26.41265134556079,27.107275009155273,2748400,0.0,0
2007-02-02,27.107271043323838,27.607061482442663,26.87855305612317,27.20045280456543,2828900,0.0,0
2007-02-05,27.23433988262944,27.607063726453738,27.039505128221972,27.463054656982422,2733300,0.0,0
2007-02-06,27.463049989218824,27.768007278442383,27.29363214537306,27.768007278442383,2804600,0.0,0
2007-02-07,27.74259921273528,28.403337946184315,27.708714346548483,28.242389678955078,1928700,0.0,0
2007-02-08,28.123792627193883,29.199612768452955,28.030610871672796,28.9793643951416,3108200,0.0,0
2007-02-09,29.09795936921594,29.91117993967451,28.835359754508158,29.19114112854004,3961500,0.0,0
2007-02-12,29.29280167096538,29.29280167096538,28.267805341588478,29.081026077270508,2581700,0.0,0
2007-02-13,29.292815129627456,29.801075495441086,29.19963330855882,29.657066345214844,2303600,0.0,0
2007-02-14,29.580809802900017,30.250021373681637,29.52151290234354,29.911182403564453,1654000,0.0,0
2007-02-15,29.648587737225803,30.639696119064908,29.36904235889809,29.970487594604492,2521600,0.0,0
2007-02-16,29.97047930412093,30.055188238790542,29.63163710256502,29.911182403564453,1461200,0.0,0
2007-02-20,30.02977841193531,30.61427785957065,29.775648357808596,30.60580825805664,2037600,0.0,0
2007-02-21,29.733289011593943,29.995891884151007,29.250440966024243,29.928125381469727,3151000,0.0,0
2007-02-22,29.775644795035124,30.580389331572363,29.55539640475699,30.512622833251953,2170400,0.0,0
2007-02-23,30.300846047480864,31.325838932775643,30.275434015569928,31.156417846679688,2446200,0.0,0
2007-02-26,31.308892679915466,31.317365510477337,30.707450967544553,31.020877838134766,1413300,0.0,0
2007-02-27,30.436384157897198,30.444853758580024,29.68246367101839,30.122957229614258,2207300,0.0,0
2007-02-28,30.173791008518293,31.15642980737561,29.936603335792636,30.995481491088867,2439100,0.0,0
2007-03-01,30.580392940451645,30.97853207117479,29.690936136748338,30.741344451904297,2248100,0.0,0
2007-03-02,30.656635144009705,30.656635144009705,28.513467074518474,28.589706420898438,5781900,0.0,0
2007-03-05,28.420278730235772,29.233496082901038,28.394866697789517,28.894657135009766,2565300,0.0,0
2007-03-06,28.894657778449407,29.69093271673615,28.894657778449407,29.538454055786133,2236300,0.0,0
2007-03-07,29.60622155657803,30.749808196159837,29.521509400518205,30.580387115478516,1933100,0.0,0
2007-03-08,30.919227351965127,31.215711801121042,30.673566961842717,30.834518432617188,1727400,0.0,0
2007-03-09,31.17335896328309,31.46137382806383,30.656626126637793,30.902286529541016,2020400,0.0,0
2007-03-12,30.80911303963733,32.215302878699006,30.80911303963733,32.198360443115234,2306600,0.0,0
2007-03-13,32.0628223131041,32.0628223131041,30.64816295477645,30.69051742553711,2110700,0.0,0
2007-03-14,30.75827980041504,30.92769764289927,30.283901439719855,30.75827980041504,2892800,0.0,0
2007-03-15,30.7074493810122,30.876870437677777,30.419434554112087,30.682037353515625,2656100,0.0,0
2007-03-16,30.66511191023668,30.82606022592807,30.266972691257312,30.478748321533203,2180800,0.0,0
2007-03-19,30.580391972245266,30.9192341874227,30.56345276978136,30.749813079833984,1249500,0.0,0
2007-03-20,30.792174943864275,31.61386541256999,30.71593558871179,31.452917098999023,2083700,0.0,0
2007-03-21,31.749391605339827,32.18988515843846,31.40207981578264,32.18141555786133,2815000,0.0,0
2007-03-22,32.18988012188511,32.24917701096301,31.588438400416084,32.10517120361328,2360200,0.0,0
2007-03-23,32.045878510640804,32.3508325952131,31.995051214159496,32.096702575683594,2327900,0.0,0
2007-03-26,32.18988695477454,32.34236562518068,31.62232997271519,32.02046585083008,1876400,0.0,0
2007-03-27,32.00352041962228,32.359305027724304,31.529145250737553,31.9865779876709,3529300,0.0,0
2007-03-28,31.89340717990049,31.89340717990049,30.876883636805474,30.910768508911133,1965700,0.0,0
2007-03-29,31.003941751641186,31.2157173188831,30.377087882210787,30.766754150390625,2801800,0.0,0
2007-03-30,30.85145680959897,30.936168958128714,30.521087508928105,30.614269256591797,1725300,0.0,0
2007-04-02,30.936177828329857,31.054771638837355,30.334735942790996,30.826053619384766,2278900,0.0,0
2007-04-03,31.36819037722739,31.630793196972313,31.224184568341485,31.376663208007812,2025300,0.0,0
2007-04-04,31.435968624376503,31.647744211195057,31.342786849146098,31.52067756652832,1771500,0.0,0
2007-04-05,31.83410107799142,33.17252082533118,31.783273784508268,32.935333251953125,3216600,0.0,0
2007-04-09,33.07086691978508,33.07086691978508,32.096698207489666,32.469425201416016,2815200,0.0,0
2007-04-10,32.65578966372684,32.78285628824783,32.257653821008866,32.596492767333984,1424800,0.0,0
2007-04-11,32.6642547230454,33.036978444745465,32.45247922019447,32.82520294189453,2401400,0.0,0
2007-04-12,32.740505540359536,32.740505540359536,32.01199703747953,32.554141998291016,1647500,0.0,0
2007-04-13,33.29111775225651,33.29111775225651,32.03740681102545,32.44401550292969,1535700,0.0,0
2007-04-16,31.766332578816186,33.02851628178073,31.66468121936674,32.740501403808594,1673100,0.0,0
2007-04-17,32.740502007294545,32.740502007294545,32.02046318337293,32.367774963378906,1089800,0.0,0
2007-04-18,32.36777350715476,32.545664189326565,32.045877005540554,32.206825256347656,1610100,0.0,0
2007-04-19,32.07129866556651,32.25766223509139,31.156426485832757,31.935762405395508,2114100,0.0,0
2007-04-20,32.206822385825916,32.52872209018829,32.06281334778034,32.469425201416016,1853900,0.0,0
2007-04-23,32.53718934069128,33.31652490055869,32.4016531430758,33.03697967529297,2832300,0.0,0
2007-04-24,33.03698991659137,33.03698991659137,32.21529964614392,32.960750579833984,1933800,0.0,0
2007-04-25,33.16406536088813,33.587616626128394,32.808280617737665,33.350425720214844,2246700,0.0,0
2007-04-26,32.82521559144345,35.7985433754417,32.61344000698253,35.46817398071289,4674100,0.0,0
2007-04-27,34.98532458431879,35.4681726401244,34.82437630952987,35.03615188598633,2088200,0.0,0
2007-04-30,35.03615450394836,35.39193594788916,34.646488189697266,34.646488189697266,2969800,0.0,0
2007-05-01,34.6041282661995,35.027679423589646,34.48553445916048,34.71425247192383,3489100,0.0,0
2007-05-02,34.71424620298134,34.87519445040643,34.58718281757363,34.697303771972656,3043800,0.0,0
2007-05-03,34.69731553339763,35.89172985715787,34.69731553339763,35.73078155517578,1738300,0.0,0
2007-05-04,35.92560945870519,35.993379195767034,35.33263718516973,35.569828033447266,1625500,0.0,0
2007-05-07,35.51900990169791,35.74772797617852,35.33264630809748,35.459712982177734,995200,0.0,0
2007-05-08,35.366524768115056,35.62065483872386,34.875203831024095,35.535945892333984,1498200,0.0,0
2007-05-09,35.45123325950271,36.46775676033042,35.417351620245114,36.30680847167969,1756000,0.0,0
2007-05-10,36.21363175664532,36.3237559860885,35.90867434061166,36.24751663208008,2682600,0.0,0
2007-05-11,36.289869883960236,36.57788485254085,36.010324518232224,36.484703063964844,1488000,0.0,0
2007-05-14,36.425399666136286,37.02684153624111,36.188212051207934,36.3830451965332,2400200,0.0,0
2007-05-15,36.3406873760099,36.89130189295636,36.035730052685174,36.10349655151367,1752000,0.0,0
2007-05-16,36.45080132626049,36.63716481719423,36.19667134953865,36.55245590209961,1383000,0.0,0
2007-05-17,36.44233748930024,36.44233748930024,35.552880814420945,35.57829284667969,1362800,0.0,0
2007-05-18,35.76465863589764,35.94254933587073,35.247925737599786,35.82395553588867,1199300,0.0,0
2007-05-21,35.89172575784549,36.63717673258306,35.823959250017914,36.4084587097168,1124200,0.0,0
2007-05-22,35.91714850860435,36.103508867534934,35.28182161209441,36.05268478393555,1460000,0.0,0
2007-05-23,36.08655590034323,36.205152934165135,34.47706350431105,34.73119354248047,2811500,0.0,0
2007-05-24,34.85827051636022,34.98533395741298,34.011167983582965,34.16364669799805,1845200,0.0,0
2007-05-25,34.16362258718059,34.35845564444407,33.985728724950945,34.22291946411133,1634700,0.0,0
2007-05-29,34.42623631889534,34.93449962836774,34.42623631889534,34.7735481262207,1656000,0.0,0
2007-05-30,34.66343331317853,35.7307842901596,34.34153668457503,35.6968994140625,2106300,0.0,0
2007-05-31,35.96796001855646,36.3999839667629,35.79853892575861,36.289859771728516,3426500,0.0,0
2007-06-01,36.40845326281547,36.611759218760604,36.06961431149164,36.47622299194336,1455600,0.0,0
2007-06-04,36.349169099270156,37.01838086737072,36.044211674240046,36.95061111450195,1521300,0.0,0
2007-06-05,36.95059730644742,37.187788121412694,36.247504156090756,36.52704620361328,1373100,0.0,0
2007-06-06,36.535519095772074,36.560931127923894,35.510522969323006,35.67147445678711,1223800,0.0,0
2007-06-07,35.67147488503886,36.13738045823358,34.93449686084218,34.94296646118164,1309300,0.0,0
2007-06-08,34.93450506403134,36.078092033263765,34.67190215170541,36.06114959716797,1473800,0.0,0
2007-06-11,36.05267361276646,36.594818546103916,35.510525447990304,36.00184631347656,1238700,0.0,0
2007-06-12,35.934079568816585,36.222094492528846,35.56135570401677,35.60371017456055,1961400,0.0,0
2007-06-13,35.7900789309113,37.424986937039684,35.27334591334002,35.58677291870117,2121700,0.0,0
2007-06-14,35.70535826945094,36.086551666259766,35.620646112374686,36.086551666259766,929800,0.0,0
2007-06-15,36.281389019862715,36.730352154806596,36.222088892542544,36.52704620361328,1115500,0.0,0
2007-06-18,36.459283371261826,36.459283371261826,35.68842041589805,36.171268463134766,914400,0.0,0
2007-06-19,36.120448335955,36.128921170151365,34.93450683217843,35.40888214111328,2268100,0.0,0
2007-06-20,35.620646626185106,35.95101596495197,34.77354443183379,34.81589889526367,1878800,0.0,0
2007-06-21,34.8159104128161,35.76466751098633,34.189056391230245,35.76466751098633,1975200,0.0,0
2007-06-22,35.57829807581268,35.57829807581268,34.94297132445889,35.425819396972656,2090600,0.0,0
2007-06-25,36.02726672942228,36.11197891461438,35.25640361709111,35.31570053100586,1920100,0.0,0
2007-06-26,35.56983801703181,35.74772877959036,34.31612338101198,34.41777801513672,2483100,0.0,0
2007-06-27,34.41777220652509,34.58719333670033,33.934924085961185,34.25682067871094,3381800,0.0,0
2007-06-28,34.24835688184273,34.24835688184273,33.40125431881212,33.46902084350586,3171900,0.0,0
2007-06-29,33.528308014096226,34.23987078935139,33.435126251211315,33.579132080078125,1959000,0.0,0
2007-07-02,33.672326340244254,35.222525556810744,33.672326340244254,35.053104400634766,2289100,0.0,0
2007-07-03,35.095450381300694,35.53594398808975,35.01921104105953,35.103919982910156,777400,0.0,0
2007-07-05,35.10391604337519,35.273337139502175,34.477062188575594,34.61259841918945,1402300,0.0,0
2007-07-06,34.807430116832926,35.15474189545822,34.680363492105265,34.900611877441406,1698600,0.0,0
2007-07-09,35.13781512921695,35.366533216835144,34.58720038326791,35.02769088745117,1336500,0.0,0
2007-07-10,34.76507850510598,34.76507850510598,33.901033787797466,34.01115798950195,2387800,0.0,0
2007-07-11,33.94338693945903,34.64648335888795,33.94338693945903,34.34152603149414,2066900,0.0,0
2007-07-12,34.59565730669419,34.900614645073006,34.3923513372954,34.73119354248047,2057900,0.0,0
2007-07-13,34.74814213398596,34.97686017830372,34.39235743234522,34.705787658691406,1090400,0.0,0
2007-07-16,34.54482868816321,35.40887337011603,34.3584683907183,34.61259841918945,1698000,0.0,0
2007-07-17,34.52790022890177,35.366533216835144,34.35848229564972,35.02769088745117,1923400,0.0,0
2007-07-18,34.68036361051914,35.18015404794873,34.62953954560534,34.94296646118164,1589200,0.0,0
2007-07-19,35.36652217343249,37.84853225154419,35.341110137667734,37.55204772949219,4882400,0.0,0
2007-07-20,37.289441828246986,37.619811192220546,36.603287835152045,37.08613586425781,2281400,0.0,0
2007-07-23,37.32332292951386,37.39956225439004,36.645638605530756,36.67952346801758,1540600,0.0,0
2007-07-24,36.28986746395506,36.671064195691415,35.925613168233575,36.15433120727539,2041900,0.0,0
2007-07-25,36.035735960470845,36.17127221178657,34.71425508656311,34.95144271850586,2658900,0.0,0
2007-07-26,34.383890047094944,34.69731706221303,33.33348154228253,34.045047760009766,2089400,0.0,0
2007-07-27,34.2652985408654,34.350007502664226,32.613447934270255,32.7150993347168,2968500,0.0,0
2007-07-30,32.579557329857415,33.29959630433176,32.503317985064584,33.147117614746094,1384100,0.0,0
2007-07-31,33.46900430172349,33.59607091595237,31.986575549098237,32.08823013305664,2642800,0.0,0
2007-08-01,32.028943519427756,32.266131161900134,31.173368269470778,32.18989181518555,2876400,0.0,0
2007-08-02,32.2830710873305,32.52873154446566,31.70704123060482,32.3084831237793,1429200,0.0,0
2007-08-03,32.30847940977283,32.30847940977283,30.80063843361533,30.885347366333008,2548200,0.0,0
2007-08-06,31.17336430239979,31.224191604221076,30.24155305574826,30.927703857421875,2690100,0.0,0
2007-08-07,30.707457751443943,31.393611763828645,30.39403081161137,30.919233322143555,2912300,0.0,0
2007-08-08,32.82521805314801,34.12975652680562,29.843417212547404,30.639692306518555,4711500,0.0,0
2007-08-09,29.65705172620853,30.394033094226966,27.954377431744525,29.089494705200195,4236900,0.0,0
2007-08-10,28.657459665431876,31.978097659367652,27.47151567820487,31.13946533203125,4383400,0.0,0
2007-08-13,32.8336890105339,34.815908840816746,32.18989258075217,33.39277648925781,3434400,0.0,0
2007-08-14,33.113218853621596,34.002675348817334,32.57954366392902,33.26569747924805,2130400,0.0,0
2007-08-15,33.26570473432724,33.66384381378815,31.707036512437647,31.867984771728516,2078400,0.0,0
2007-08-16,31.351247438044567,32.76590963165892,31.06323259351122,32.60496139526367,2823800,0.0,0
2007-08-17,33.604551726486946,34.01116373509524,32.43555270391585,33.08782196044922,1737300,0.0,0
2007-08-20,33.03699007795255,33.2826505233083,32.12211803239552,32.86756896972656,1457300,0.0,0
2007-08-21,32.94380814595025,33.23182305909604,32.537199427057175,32.960750579833984,1429000,0.0,0
2007-08-22,33.35042217497261,34.17211257625145,32.56261664685646,32.80827713012695,2252700,0.0,0
2007-08-23,33.079343950098156,33.358889258341335,32.66426563544706,33.104759216308594,1456100,0.0,0
2007-08-24,33.05393322770479,33.460541957389,32.67273653380118,33.22335433959961,1081200,0.0,0
2007-08-27,33.22336279982902,33.51984739756467,32.57956305697483,32.7150993347168,1027600,0.0,0
2007-08-28,32.60497005260485,32.87604253926632,31.732452456689224,31.910343170166016,980500,0.0,0
2007-08-29,32.172949035850706,32.54567293167935,31.935761395908774,32.37625503540039,960500,0.0,0
2007-08-30,31.978106990482313,33.02004227418768,31.910337265637246,32.3931884765625,1789800,0.0,0
2007-08-31,32.90991779819341,33.48594752856749,32.5795484710691,33.29958724975586,1168600,0.0,0
2007-09-04,33.57065579273512,34.49399717427238,33.299583390030406,34.11280059814453,1727200,0.0,0
2007-09-05,33.90949861081677,34.629537389503525,33.13863577038062,33.29958724975586,1374800,0.0,0
2007-09-06,33.55373452990815,34.1721190406307,33.248777076633466,34.129764556884766,1393000,0.0,0
2007-09-07,33.672322935108966,34.12975904109365,33.20641722631987,33.42666244506836,1177700,0.0,0
2007-09-10,33.663838930177704,34.07891715024246,32.67272779122992,33.553714752197266,1088600,0.0,0
2007-09-11,33.663842700621075,34.05350893534869,33.282646066023005,33.824790954589844,1019800,0.0,0
2007-09-12,33.596075680416504,34.15516304572237,33.40971214816832,33.79090881347656,999300,0.0,0
2007-09-13,33.88409601835255,34.10434122063859,33.16406027053824,33.23182678222656,2061600,0.0,0
2007-09-14,32.88451254212159,33.24876680641398,32.410134068954086,32.76591873168945,1430600,0.0,0
2007-09-17,32.460956756312314,33.087813819872096,32.23223876953125,32.23223876953125,1260300,0.0,0
2007-09-18,32.38472510730077,34.324590423356746,32.32542819645533,34.25682067871094,1861200,0.0,0
2007-09-19,34.307653777221496,35.163225943412506,34.18905993551579,34.41777801513672,1357300,0.0,0
2007-09-20,34.451648238486975,34.832844911460484,34.03656993014596,34.73119354248047,1133000,0.0,0
2007-09-21,34.96838454091097,35.32416921402789,34.67190000617943,35.18863296508789,2579500,0.0,0
2007-09-24,35.15474617898043,35.324167288781375,34.15516518573769,34.75660705566406,1431600,0.0,0
2007-09-25,34.75660680106661,35.23945486002707,34.4008253813858,35.1208610534668,1001500,0.0,0
2007-09-26,34.095876153855855,34.79049995611489,33.85868848423755,34.07893371582031,1292100,0.0,0
2007-09-27,34.519417930578626,34.917557036476374,33.723142950221884,34.866729736328125,1112500,0.0,0
2007-09-28,34.73121094146268,34.92604417604438,33.53679625541633,33.7655143737793,1428100,0.0,0
2007-10-01,33.765498009351184,34.46012163301629,33.62148893879491,34.18057632446289,1174600,0.0,0
2007-10-02,34.13823209614836,35.18016784418691,33.96881093997238,35.053104400634766,894700,0.0,0
2007-10-03,34.79049387702165,35.92561117554192,34.51942137869792,35.67995071411133,1516500,0.0,0
2007-10-04,35.7477305545425,36.0018606895928,35.391945780320086,35.874794006347656,1098000,0.0,0
2007-10-05,36.03574056174806,37.29792145739442,36.03574056174806,37.060733795166016,1102200,0.0,0
2007-10-08,37.48427241791851,37.48427241791851,36.53551885700221,36.75576400756836,654400,0.0,0
2007-10-09,37.02684653955381,37.05226180990105,36.179744107270594,36.90825271606445,969700,0.0,0
2007-10-10,36.772700038000934,37.07765729449686,36.188200784009005,36.69646072387695,1849800,0.0,0
2007-10-11,36.8065926506146,37.348737562416865,35.71382999507897,36.289859771728516,1056900,0.0,0
2007-10-12,36.476220346496966,37.58592211325719,36.476220346496966,36.82353210449219,1148900,0.0,0
2007-10-15,37.06072472852904,37.340270031857685,36.59481912108671,36.899776458740234,621100,0.0,0
2007-10-16,36.63716604086754,37.187783701687025,36.467744973581695,36.62869644165039,725600,0.0,0
2007-10-17,36.671052299921264,37.170842690194775,35.781595702027914,36.34068298339844,1083300,0.0,0
2007-10-18,36.12891173281992,36.38304175785866,35.798539145687116,35.92560577392578,988500,0.0,0
2007-10-19,35.92561379448843,35.984910705854496,35.09545380392417,35.112396240234375,928600,0.0,0
2007-10-22,34.646486750518726,35.756188739852696,34.56177457826185,35.56135559082031,1022300,0.0,0
2007-10-23,36.001843221864945,36.001843221864945,34.265284371568555,34.36693572998047,2313200,0.0,0
2007-10-24,34.231401068108376,34.40082216080721,32.80826905973992,33.53677749633789,2335600,0.0,0
2007-10-25,35.73076971582889,35.95101485774428,32.77438172675977,33.92644119262695,3379400,0.0,0
2007-10-26,34.42623985485766,34.61260341061639,33.03699248286488,33.33347702026367,2244000,0.0,0
2007-10-29,33.587605774356724,34.68883806189788,33.50289360981438,34.42623519897461,1396400,0.0,0
2007-10-30,34.494004971542495,35.40040412886989,34.155162775848346,34.739662170410156,1211700,0.0,0
2007-10-31,34.77354623480418,35.84089686463332,34.48553134453394,35.34110641479492,1257300,0.0,0
2007-11-01,35.07004022431132,35.90020017840096,34.90061910009239,35.535945892333984,1515200,0.0,0
2007-11-02,35.696891175331494,35.86631228527547,34.04504100839574,34.30764389038086,1409700,0.0,0
2007-11-05,33.60455329539714,34.26529541665449,32.9014599285416,32.977699279785156,2195100,0.0,0
2007-11-06,33.03698870822086,33.29959157665543,32.07976223315418,32.8845100402832,1854600,0.0,0
2007-11-07,32.78285510314083,33.03698511155744,31.60538358670777,31.66468048095703,1917700,0.0,0
2007-11-08,31.368191189669087,32.257651021239205,30.478734589537186,31.3427791595459,2344600,0.0,0
2007-11-09,30.919239259698557,31.563035696423338,30.419448687612977,31.003948211669922,2700300,0.0,0
2007-11-12,30.809102994110454,31.72397482869886,29.640104402942764,29.817995071411133,3434700,0.0,0
2007-11-13,30.04671485758006,30.800635268177015,29.71634552991967,30.36014175415039,2123400,0.0,0
2007-11-14,30.461792437151864,30.758280127528828,30.122953517141653,30.300844192504883,2344100,0.0,0
2007-11-15,29.962021183707694,30.283921110100867,29.267397237739488,29.73330307006836,3148300,0.0,0
2007-11-16,29.775649217702117,29.818003689373235,27.77648713301046,28.318632125854492,4014800,0.0,0
2007-11-19,28.081440610708707,28.945482053754528,27.793425719213896,28.725236892700195,2360500,0.0,0
2007-11-20,28.953954421737148,29.851883947050798,28.166149090905023,28.886184692382812,3056200,0.0,0
2007-11-21,28.6320583672488,29.199618613841725,27.928965107323826,28.081443786621094,2275000,0.0,0
2007-11-23,28.200043422332435,28.327106860369163,27.793434604023552,27.945913314819336,586300,0.0,0
2007-11-26,28.0560261463664,29.14878884510034,27.378344979823964,28.242389678955078,2152100,0.0,0
2007-11-27,28.632063018251326,28.92007798910486,27.996736161789656,28.67441749572754,1740200,0.0,0
2007-11-28,28.835358365603565,29.970475391767035,28.835358365603565,29.479154586791992,1508700,0.0,0
2007-11-29,29.5808085212859,29.894238675149033,29.360563361823974,29.538454055786133,1698600,0.0,0
2007-11-30,29.77564677252414,30.21613711945753,29.04713828642549,29.22502899169922,1436500,0.0,0
2007-12-03,29.038675579711388,29.14879982056446,28.352524553983592,28.63206672668457,1884100,0.0,0
2007-12-04,28.674406535339305,29.59774800972023,28.64052490517281,29.097957611083984,1999300,0.0,0
2007-12-05,29.216568385647534,29.945073864595035,28.953965431700556,29.20809555053711,1198900,0.0,0
2007-12-06,29.216563102931865,30.13990484519023,29.047141977194336,30.106019973754883,1572700,0.0,0
2007-12-07,30.250029712215483,31.554568346936346,30.05519652361789,31.427501678466797,2400800,0.0,0
2007-12-10,31.452906478101003,31.452906478101003,30.29237410472627,30.715925216674805,1689800,0.0,0
2007-12-11,31.808691722712013,31.92728553142506,29.665523870126144,29.792587280273438,2158100,0.0,0
2007-12-12,30.207663998309744,30.826048209895635,29.665519113162578,29.919649124145508,2689500,0.0,0
2007-12-13,29.843411244046717,30.360144122570212,29.30973593311147,30.199195861816406,1764400,0.0,0
2007-12-14,29.98742083516055,30.148369098766125,29.36056375057295,29.648578643798828,1843700,0.0,0
2007-12-17,29.445271510699943,29.767171256537317,27.784951948277275,29.43680191040039,1514900,0.0,0
2007-12-18,29.546928558036768,29.546928558036768,27.607063552964355,28.123796463012695,3485000,0.0,0
2007-12-19,28.013662539788367,29.292788353791334,28.013662539788367,29.123367309570312,2002900,0.0,0
2007-12-20,29.394445966564593,30.131423950195316,29.14031596166831,30.131423950195312,1493200,0.0,0
2007-12-21,30.199201743816868,31.181840395020444,30.063665489562553,30.41944694519043,1858600,0.0,0
2007-12-24,30.394033010507467,30.953120428344807,30.29237840258141,30.732872009277344,253100,0.0,0
2007-12-26,31.00393750108435,31.00393750108435,30.33472925623997,30.656625747680664,638100,0.0,0
2007-12-27,30.62275459009746,30.707463541774885,29.809533789373088,29.860361099243164,506600,0.0,0
2007-12-28,29.741764239182658,30.317794099835737,29.62317042636097,29.96200942993164,647100,0.0,0
2007-12-31,29.978952296246156,30.14837341618911,29.335155918189837,29.623170852661133,925000,0.0,0
2008-01-02,29.445271113613078,30.012831269183998,28.665938639024297,29.326677322387695,1194600,0.0,0
2008-01-03,29.318207368878266,29.8603522544827,28.208502334542782,28.360980987548828,1492400,0.0,0
2008-01-04,28.039083271693027,28.22544680134672,26.531242295952854,26.80231475830078,2219800,0.0,0
2008-01-07,26.72607960223783,27.352936789012706,26.531246441447582,26.912443161010742,1609400,0.0,0
2008-01-08,27.12421762081574,27.141160055579707,25.540135516214256,25.574020385742188,1640700,0.0,0
2008-01-09,25.49778264105567,26.48042129880068,25.396129641828434,26.2517032623291,1486900,0.0,0
2008-01-10,26.01451760574475,26.751497508837396,25.692619359159348,26.34488868713379,1855800,0.0,0
2008-01-11,26.17546419847074,26.277117198791704,25.624847954007883,25.64179039001465,1253200,0.0,0
2008-01-14,25.862026731964626,26.836193787558194,25.607895141993062,26.421113967895508,1175000,0.0,0
2008-01-15,26.090751255741715,26.446534300852715,25.421541251675478,25.667200088500977,1326600,0.0,0
2008-01-16,25.387649888926223,26.480412396438503,25.379178673861897,25.972150802612305,1211900,0.0,0
2008-01-17,25.972157024343176,26.590541330703857,24.870924653681154,24.930221557617188,1443500,0.0,0
2008-01-18,25.260588259038066,26.60748093500619,24.989515803749764,26.3618221282959,2071900,0.0,0
2008-01-22,25.260586762021113,26.73454436208964,25.023399185559928,25.90438461303711,1720300,0.0,0
2008-01-23,25.19282424424002,25.963687270284908,24.455846088479078,25.83662223815918,1720900,0.0,0
2008-01-24,27.098802618884523,29.682465625795114,26.683722682159488,29.419862747192383,4204600,0.0,0
2008-01-25,28.716766262078853,30.49567961363199,27.10727076767288,28.420278549194336,2497500,0.0,0
2008-01-28,28.369463319035113,28.674417495727536,27.75107566841233,28.67441749572754,2137500,0.0,0
2008-01-29,28.88618650293716,29.733288784330494,28.793007966392448,29.72481918334961,2046900,0.0,0
2008-01-30,29.606226151672875,30.444855622477174,29.258914336518185,29.82647132873535,1697400,0.0,0
2008-01-31,29.44527109602149,30.37708545633565,29.081020122377623,30.16530990600586,2631600,0.0,0
2008-02-01,30.15683280371486,31.1902983770299,30.080593487135257,31.12253189086914,1666900,0.0,0
2008-02-04,31.114067746011628,31.114067746011628,29.995892944995152,30.410974502563477,1408000,0.0,0
2008-02-05,29.834940582345922,29.885764646334827,28.776062830064348,29.326677322387695,1763500,0.0,0
2008-02-06,29.513045597208027,29.513045597208027,28.377928334567756,28.708297729492188,1761800,0.0,0
2008-02-07,28.598168940381782,29.19114112854004,27.590118482519664,29.19114112854004,3249300,0.0,0
2008-02-08,29.0471366016251,29.216557696008937,28.064498131925145,28.41180992126465,1291600,0.0,0
2008-02-11,28.496523969958314,29.19114767337334,28.462639098708998,29.157262802124023,1512700,0.0,0
2008-02-12,29.25044485631022,29.64858401862082,28.699830234827935,28.911605834960938,1297400,0.0,0
2008-02-13,29.284330562407458,29.741766647275952,29.03867008370705,29.48763656616211,1288800,0.0,0
2008-02-14,29.4706939222392,29.631642218474717,27.793431520979038,27.869670867919922,1532300,0.0,0
2008-02-15,27.768010429857462,27.96284355754246,27.27669281035586,27.70871353149414,1442800,0.0,0
2008-02-19,28.047558488241336,28.445697614916387,27.928964679811898,28.106855392456055,1275800,0.0,0
2008-02-20,27.92048953238793,28.945482484773454,27.92048953238793,28.699825286865234,1158900,0.0,0
2008-02-21,28.80994695137418,29.419861623444255,28.80994695137418,29.07254981994629,1521900,0.0,0
2008-02-22,29.09795724211252,29.352090469487443,28.564285220076908,28.97089385986328,1993800,0.0,0
2008-02-25,29.064083418856743,29.733291833900825,28.58970492930429,29.623170852661133,1343700,0.0,0
2008-02-26,30.3855539550916,30.3855539550916,29.233494486027556,30.131423950195312,1709300,0.0,0
2008-02-27,29.834939530782062,30.834520352219663,29.71634574373664,30.580387115478516,1486000,0.0,0
2008-02-28,30.360143858471787,30.639685912237606,29.191141883738315,29.546926498413086,1199000,0.0,0
2008-02-29,29.29279990602932,29.29279990602932,28.420282315198374,28.555818557739258,1074600,0.0,0
2008-03-03,28.504999585822688,28.793014556676226,28.149214865855615,28.67441749572754,1629800,0.0,0
2008-03-04,28.437221137959405,28.682881556190903,27.632473386320175,28.445693969726562,1653100,0.0,0
2008-03-05,28.699826491055664,29.08949276892465,28.530405386761693,28.776065826416016,1659500,0.0,0
2008-03-06,28.674411200136543,28.75912336792954,28.19156315375221,28.34404182434082,1026600,0.0,0
2008-03-07,27.954374894607415,28.750649864651024,27.61553269421851,28.284744262695312,1239900,0.0,0
2008-03-10,28.267799219026575,28.78453207275243,27.751066365300716,27.77648162841797,815500,0.0,0
2008-03-11,28.369459441620478,28.547350161570936,27.073390634200877,27.886608123779297,1579000,0.0,0
2008-03-12,27.912018920656728,28.06449757945668,27.18351049115441,27.242807388305664,1635100,0.0,0
2008-03-13,26.887035783885327,27.56471881954973,26.404187570209913,27.285173416137695,2120800,0.0,0
2008-03-14,27.49694547307938,27.69177865391982,26.438067382790376,26.810792922973633,1655900,0.0,0
2008-03-17,26.183927558100546,26.963261607600533,26.031448911241114,26.048391342163086,1999200,0.0,0
2008-03-18,26.556654611371528,26.827727060104703,26.14157472228394,26.751487731933594,1806100,0.0,0
2008-03-19,26.827731168489066,26.91244172562052,26.006042480468746,26.00604248046875,927200,0.0,0
2008-03-20,25.912862580697833,26.997154235839844,25.58249316127627,26.997154235839844,1529400,0.0,0
2008-03-24,26.895495363064192,28.818417781518882,26.895495363064192,28.445693969726562,1959400,0.0,0
2008-03-25,28.34404150892374,28.58123234466585,27.912020768022806,28.530405044555664,1084000,0.0,0
2008-03-26,28.462635584655565,28.623587087498823,28.08991174124788,28.479578018188477,1161300,0.0,0
2008-03-27,28.555827643580045,28.555827643580045,27.2174072265625,27.2174072265625,1489000,0.0,0
2008-03-28,27.395287299840827,28.056026030562606,27.36987526602497,27.632474899291992,1532500,0.0,0
2008-03-31,27.293635779764116,27.895077607243344,27.132684282664982,27.725656509399414,1399700,0.0,0
2008-04-01,27.945903289498915,28.962423354884635,27.945903289498915,28.826887130737305,864900,0.0,0
2008-04-02,28.75912536412255,29.02172502391112,28.149210639433463,28.521934509277344,1375400,0.0,0
2008-04-03,28.33557218031691,28.589702220433,27.95437550442338,28.479578018188477,1413600,0.0,0
2008-04-04,28.377926806986668,28.8014779533596,27.988260527868878,28.386396408081055,666500,0.0,0
2008-04-07,28.496517100286614,29.648576593522193,28.496517100286614,28.903125762939453,887700,0.0,0
2008-04-08,28.809948664546358,29.114906018715562,28.547349011797593,28.852306365966797,943300,0.0,0
2008-04-09,28.953949015178612,28.953949015178612,28.166143831453013,28.276268005371094,506200,0.0,0
2008-04-10,28.191569874541244,28.78454226469999,27.878142857584024,28.691360473632812,1106400,0.0,0
2008-04-11,28.2169719770346,28.53886844683308,27.59011500425168,27.700239181518555,861400,0.0,0
2008-04-14,27.64095759200366,27.844260397932995,27.276703230653773,27.38682746887207,709000,0.0,0
2008-04-15,25.41306633319204,26.370291120825808,23.515557574200013,24.040760040283203,8983800,0.0,0
2008-04-16,23.888284236628042,24.049232501755682,23.44779067626757,23.981464385986328,3298200,0.0,0
2008-04-17,23.837466900112553,23.939119924108855,23.42238681559099,23.888294219970703,2008300,0.0,0
2008-04-18,24.328776235841993,24.33724745229708,23.278369631201112,23.32919692993164,2496500,0.0,0
2008-04-21,23.20212802804853,23.439317218419443,22.77857694106279,23.083534240722656,2420100,0.0,0
2008-04-22,23.007297535951913,23.185189852918835,22.626100867965192,22.939529418945312,1527100,0.0,0
2008-04-23,22.787048555285992,23.651093175623597,21.906063119119192,22.355026245117188,3625700,0.0,0
2008-04-24,22.117847693600595,22.727760936802824,21.72817968754261,22.609167098999023,2570900,0.0,0
2008-04-25,22.710808436731583,22.98188086917223,21.75358370771066,22.185606002807617,2623400,0.0,0
2008-04-28,22.38891324675878,23.24448673304488,21.965362111907403,23.00729751586914,2617200,0.0,0
2008-04-29,22.931061767275395,23.049655586544002,22.45668487448137,22.55833625793457,2590900,0.0,0
2008-04-30,22.77010532936308,22.77010532936308,22.134778709935638,22.185606002807617,2705400,0.0,0
2008-05-01,22.422799988807146,23.60874464362887,22.024662441712177,23.236019134521484,2351200,0.0,0
2008-05-02,23.23601907372465,23.413909802050693,22.9480041286752,23.37155532836914,2505000,0.0,0
2008-05-05,23.49861619211677,23.625681206316113,22.76163814032901,23.058122634887695,2834300,0.0,0
2008-05-06,23.049652400755633,23.574856528405224,22.80399357826425,23.430849075317383,1782900,0.0,0
2008-05-07,23.625683796567266,23.710394353894017,22.83787836015162,22.871763229370117,2814100,0.0,0
2008-05-08,23.202132625653004,23.261429531065883,22.778581454738745,22.871763229370117,1834300,0.0,0
2008-05-09,22.70233828550604,23.168245464358712,22.583744494683536,23.075063705444336,1726400,0.0,0
2008-05-12,23.168251007021922,23.31225847992344,22.82941036952412,23.236019134521484,1093200,0.0,0
2008-05-13,23.53250072755171,23.53250072755171,23.16824650709516,23.312253952026367,1853400,0.0,0
2008-05-14,23.49014517634711,23.769688856260693,23.28684082874808,23.39696502685547,3122000,0.0,0
2008-05-15,23.66803799397782,24.015349797148556,23.19365955709929,23.9984073638916,1964900,0.0,0
2008-05-16,24.159360837611455,24.159360837611455,23.549446075504488,23.61721420288086,1881600,0.0,0
2008-05-19,23.583329446209593,23.998409401939146,23.481676453754424,23.659568786621094,2206100,0.0,0
2008-05-20,23.56638207285608,23.625678966145326,22.94799787752656,23.176715850830078,1798100,0.0,0
2008-05-21,23.2614311555998,23.303787245080994,22.54139540733523,22.6261043548584,1669700,0.0,0
2008-05-22,22.846348532472117,23.62568271593666,22.371971695147437,23.583328247070312,2252000,0.0,0
2008-05-23,23.464734282840617,23.8544005640756,23.24448749164368,23.676509857177734,2420400,0.0,0
2008-05-27,23.684977046989747,24.159355448527187,23.676507446711618,24.040760040283203,1523800,0.0,0
2008-05-28,24.142421746884267,24.3203125,24.040768733875396,24.3203125,2169100,0.0,0
2008-05-29,24.33725143262714,24.718448156853718,24.14241826945338,24.565969467163086,1851600,0.0,0
2008-05-30,24.650682801161956,25.158944618698037,24.328782949910536,25.006465911865234,2280100,0.0,0
2008-06-02,24.92174804228584,25.192820501406725,24.515139353604518,24.82009506225586,2199100,0.0,0
2008-06-03,24.93869204862991,25.57401877068057,24.599851453346776,25.074228286743164,2359400,0.0,0
2008-06-04,25.065752488996182,25.743433555712624,24.71844074033912,25.692607879638672,2406300,0.0,0
2008-06-05,25.751905719632525,26.582065460870478,25.565543823350282,26.539710998535156,2745000,0.0,0
2008-06-06,26.310993271872736,26.55665367974375,25.904384613037113,25.90438461303711,1907800,0.0,0
2008-06-09,25.98062737188484,26.065337924266593,25.023402492413396,25.413068771362305,1431000,0.0,0
2008-06-10,25.192822704476665,25.472366404355615,25.048815246010573,25.269062042236328,1557800,0.0,0
2008-06-11,25.074227998585126,25.226706668640073,24.244068145751953,24.244068145751953,1367000,0.0,0
2008-06-12,24.286426384806685,24.89633954401012,24.286426384806685,24.625267028808594,1527200,0.0,0
2008-06-13,24.608322899673766,25.379185917639095,24.608322899673766,25.141998291015625,1344700,0.0,0
2008-06-16,24.87092660817013,25.396129183493418,24.87092660817013,25.10811424255371,1976300,0.0,0
2008-06-17,25.226708356968953,25.345302167962334,24.887866127183013,24.989519119262695,1516300,0.0,0
2008-06-18,24.72691920380693,25.03187496536105,24.532084426260074,24.659151077270508,1485300,0.0,0
2008-06-19,24.481255309045707,25.38765448051133,24.481255309045707,25.28600311279297,1389800,0.0,0
2008-06-20,24.591378042032375,25.11658051392375,24.320303974276367,24.693029403686523,1792400,0.0,0
2008-06-23,24.837039404220704,25.141996752034853,24.38807621518257,24.438901901245117,844300,0.0,0
2008-06-24,24.142412373929503,24.582905899752756,23.62567952187841,23.84592628479004,1673100,0.0,0
2008-06-25,23.761222130705956,24.80315933069218,23.761222130705956,24.447376251220703,738600,0.0,0
2008-06-26,23.845938852773614,24.362671977168496,23.769699486363873,23.989946365356445,1074200,0.0,0
2008-06-27,23.981467360068287,23.981467360068287,22.68540178328178,23.337669372558594,2979000,0.0,0
2008-06-30,22.685396669370924,23.47320032940253,22.6515118070629,23.10894775390625,1937200,0.0,0
2008-07-01,22.82940875856649,22.97341622130612,22.40585758765223,22.871763229370117,1870700,0.0,0
2008-07-02,22.87176790145261,22.87176790145261,21.60111412914969,21.626527786254883,2099600,0.0,0
2008-07-03,21.65193827219489,21.6688807090479,20.914960042005795,21.440162658691406,1466300,0.0,0
2008-07-07,21.516399570588483,22.405858015942208,21.516399570588483,22.100900650024414,2147100,0.0,0
2008-07-08,22.007715584165222,22.83787538317085,21.68581744714728,22.77010726928711,1844000,0.0,0
2008-07-09,22.558337131801974,22.871765743650133,21.838301354670207,21.897598266601562,887700,0.0,0
2008-07-10,21.71970623051804,21.956895497407768,21.30462622525079,21.779003143310547,1478800,0.0,0
2008-07-11,21.609579767872905,22.134782286663594,21.338507291630044,21.60110855102539,1675800,0.0,0
2008-07-14,21.90606152319466,21.96535841357487,20.974248860268126,21.177553176879883,1149500,0.0,0
2008-07-15,21.008136944006605,21.507927443355843,20.652353904058327,21.279211044311523,1269000,0.0,0
2008-07-16,21.31309710182834,22.04160571181308,20.99119888795117,21.96536636352539,1342500,0.0,0
2008-07-17,22.041600888070896,23.17671803002635,22.041600888070896,23.125890731811523,1147100,0.0,0
2008-07-18,23.049649329403945,23.473200415492684,22.871758648791875,23.35460662841797,1069700,0.0,0
2008-07-21,23.786629681817796,23.786629681817796,22.812462476171984,23.075063705444336,919500,0.0,0
2008-07-22,22.888709815516464,22.92259307516119,21.804418039648905,22.50751304626465,1873200,0.0,0
2008-07-23,22.787055380782895,24.803160098795804,22.668461555859672,24.549028396606445,3731100,0.0,0
2008-07-24,24.464311241083973,24.489724889175037,23.600268210338065,23.634151458740234,899800,0.0,0
2008-07-25,23.964525331266493,24.032293452019747,22.77858079450537,23.193660736083984,1668200,0.0,0
2008-07-28,23.159779929335407,23.617214388796977,23.100483019379244,23.21060562133789,963400,0.0,0
2008-07-29,23.210603588732205,23.761219781745954,23.108952213629085,23.5494441986084,1225400,0.0,0
2008-07-30,23.727336989010308,24.057706388084966,23.28684337976442,23.45626449584961,1012000,0.0,0
2008-07-31,23.2953110220191,23.73580456366263,23.075064251197336,23.09200668334961,1074600,0.0,0
2008-08-01,22.990356542620432,23.439321355731717,22.651515936366376,22.719284057617188,1029500,0.0,0
2008-08-04,22.676928071730575,23.12589123910828,22.549863054844796,22.82940673828125,644400,0.0,0
2008-08-05,22.871762308794914,24.591380575152193,22.871762308794914,24.438901901245117,2238400,0.0,0
2008-08-06,24.515142719281418,24.845512122226403,23.62568427299331,24.46431541442871,2200700,0.0,0
2008-08-07,24.28642472164047,25.082701392304614,23.566387392620737,24.396547317504883,1154300,0.0,0
2008-08-08,24.489726502464855,25.802734375,24.362661485077478,25.802734375,1356300,0.0,0
2008-08-11,25.523186795441944,26.05686204903342,25.04881004891994,25.7603759765625,1289600,0.0,0
2008-08-12,25.726495860626745,26.260169563418433,25.574017198195033,25.768850326538086,830500,0.0,0
2008-08-13,25.641785626501072,26.336409216540897,25.421538846487582,26.150047302246094,851500,0.0,0
2008-08-14,25.99756821312285,26.522770697425525,25.99756821312285,26.175458908081055,1134900,0.0,0
2008-08-15,26.33641122823,26.666780615625612,26.15851890105736,26.26017189025879,964400,0.0,0
2008-08-18,26.3279381566223,26.70066360314696,25.836618910815886,26.056865692138672,957700,0.0,0
2008-08-19,26.039924903292054,26.039924903292054,24.989518229237554,25.226707458496094,1142700,0.0,0
2008-08-20,25.269066648661955,25.93827837638643,24.862457850300615,25.05729103088379,998900,0.0,0
2008-08-21,24.862451007971764,25.201291580021472,24.489725570857438,24.845508575439453,821900,0.0,0
2008-08-22,24.997985758964894,25.40459442138672,24.98951454319954,25.40459442138672,517500,0.0,0
2008-08-25,25.167413750988057,25.23518350006362,24.667624777313744,24.853986740112305,735100,0.0,0
2008-08-26,24.828567483736983,25.158938473081022,24.59137987835287,24.89633560180664,1168600,0.0,0
2008-08-27,24.904806681636103,25.141995901435838,24.70150232854463,24.921749114990234,710800,0.0,0
2008-08-28,25.04034887571973,25.599436383693547,24.684565769216416,25.54861068725586,1009800,0.0,0
2008-08-29,25.14199716217672,25.4638953334499,24.803156556699836,24.86245346069336,1237500,0.0,0
2008-09-02,25.175884010188703,26.022986452713862,24.438905789994834,24.549028396606445,1127500,0.0,0
2008-09-03,24.47278118653793,24.47278118653793,23.557910907108077,23.62567901611328,1723000,0.0,0
2008-09-04,23.439319867303865,23.54944245144871,22.702340181745956,23.00729751586914,1390000,0.0,0
2008-09-05,22.8209360743769,23.380023454789125,22.659986187373562,23.2275447845459,1168800,0.0,0
2008-09-08,23.74427438070924,24.083114925193666,22.837873702599545,23.10894775390625,1284200,0.0,0
2008-09-09,23.11741934205574,23.57485368055218,22.40585337931089,22.515975952148438,1665800,0.0,0
2008-09-10,22.634573650191452,22.634573650191452,21.982306084780284,22.31267547607422,1783400,0.0,0
2008-09-11,22.050071817047787,22.422795638116032,21.63499191468591,22.160194396972656,1226900,0.0,0
2008-09-12,22.016189899818325,22.32114726308688,21.643464413125596,22.261850357055664,2071300,0.0,0
2008-09-15,21.999249653992546,22.524453874578203,21.33003957055627,21.897598266601562,1365300,0.0,0
2008-09-16,21.45710763828747,22.117848212377535,20.881077642781246,21.973840713500977,2302600,0.0,0
2008-09-17,21.245327707397948,22.46515559168613,21.058965764740968,21.16908836364746,2103900,0.0,0
2008-09-18,21.406281675819823,22.01619492587392,20.2626929182135,21.728179931640625,2039700,0.0,0
2008-09-19,22.778576809279663,24.413484254101085,22.346554509167333,23.10894775390625,2073500,0.0,0
2008-09-22,22.990359901396452,22.990359901396452,21.711235012159154,21.779003143310547,1070100,0.0,0
2008-09-23,21.83830016259768,22.829410022016926,21.65193660302099,21.82135772705078,1888200,0.0,0
2008-09-24,21.33850907921296,21.43168924090276,20.152566088441183,20.4998779296875,2383900,0.0,0
2008-09-25,20.609998491767076,21.838297449060747,20.550701590440514,21.28767967224121,1722700,0.0,0
2008-09-26,21.033553502212865,21.1352065058408,20.296573669139452,21.084379196166992,1254200,0.0,0
2008-09-29,21.00813843342682,21.00813843342682,19.627362261281537,20.245746612548828,2321700,0.0,0
2008-09-30,20.779424877533433,20.864133834838864,20.135626784549444,20.864133834838867,1912000,0.0,0
2008-10-01,20.75400757757988,20.75400757757988,19.940790097024156,20.144094467163086,1288200,0.0,0
2008-10-02,20.093262974722634,20.093262974722634,18.136457406245363,18.33976173400879,1801200,0.0,0
2008-10-03,18.66165883005124,19.82218773915229,18.339759144749806,18.415998458862305,1443300,0.0,0
2008-10-06,17.967036931848664,18.161871666287528,16.738739708176894,18.017864227294922,1858000,0.0,0
2008-10-07,18.314355592094106,18.314355592094106,16.899694442749023,16.899694442749023,1755800,0.0,0
2008-10-08,16.467673860793347,17.14535524777255,15.561274399813712,16.425317764282227,2354500,0.0,0
2008-10-09,16.637087507725525,17.221588506821504,15.383376577950376,15.73915958404541,2052500,0.0,0
2008-10-10,15.002181267805478,16.07800159883368,13.816238346415705,14.392268180847168,3526700,0.0,0
2008-10-13,15.027594508799616,16.57779164292593,15.027594508799616,16.552379608154297,2028600,0.0,0
2008-10-14,17.23005917409373,17.57737095281961,15.713745434425736,16.162710189819336,1756700,0.0,0
2008-10-15,15.764574646152674,15.823871549864247,14.37532574672402,14.392268180847168,1946200,0.0,0
2008-10-16,14.392268996081636,14.89205952098847,13.57058028319865,14.731109619140625,2123100,0.0,0
2008-10-17,14.282146638658235,14.89205977037832,14.188964859861718,14.493922233581543,1485000,0.0,0
2008-10-20,14.61251691977183,15.442676913528176,14.553220008177757,15.247843742370605,1670000,0.0,0
2008-10-21,15.239369649425202,15.281725732373523,14.620985379853911,14.807347297668457,1032500,0.0,0
2008-10-22,14.48545008724531,14.54474699150722,14.061898924552285,14.426153182983398,2593400,0.0,0
2008-10-23,13.765413090586662,14.451565536854446,13.231738516900748,13.553637504577637,2641100,0.0,0
2008-10-24,12.308397282447787,13.435043376559717,11.893317312587557,12.681122779846191,1786100,0.0,0
2008-10-27,12.325340856976108,13.324921202516418,12.079681177835711,12.791247367858887,2118800,0.0,0
2008-10-28,13.189380726246505,13.55363492332596,12.672648685624157,13.52822208404541,2250300,0.0,0
2008-10-29,13.50281226118968,14.332973055449628,12.994551292330367,13.799299240112305,2250700,0.0,0
2008-10-30,14.172022770464029,14.20590764202435,13.807768479788592,13.994132041931152,1899200,0.0,0
2008-10-31,14.044954272373307,14.553215910487067,13.79082426117603,14.180490493774414,2863600,0.0,0
2008-11-03,14.172021782803382,14.73110919882856,14.019543102847516,14.434624671936035,1984000,0.0,0
2008-11-04,15.010652108661892,15.010652108661892,14.383796603291028,14.654869079589844,3085700,0.0,0
2008-11-05,14.485451599820692,14.883589152666776,14.366856163193638,14.383798599243164,2501800,0.0,0
2008-11-06,14.35838721114247,14.53627795055981,13.536696798444162,13.646821022033691,2610100,0.0,0
2008-11-07,13.672227440353753,13.91788782603776,13.545162447908492,13.824706077575684,1912900,0.0,0
2008-11-10,14.188967327617409,14.38380052105969,13.790829721576245,13.900952339172363,1560600,0.0,0
2008-11-11,13.612934865473058,14.053428486878225,13.307978302249326,13.435043334960938,1991700,0.0,0
2008-11-12,13.307977841250556,13.401158808153891,12.393107375411414,12.494759559631348,2739500,0.0,0
2008-11-13,12.816660727502708,13.358806610107422,12.138978576211787,13.358806610107422,3166500,0.0,0
2008-11-14,13.95177372490808,13.95177372490808,12.562526527137424,12.72347640991211,2750800,0.0,0
2008-11-17,12.63876850710419,12.918312248508707,12.172862002143384,12.274514198303223,2464100,0.0,0
2008-11-18,12.299925747309558,12.376164275481395,11.529061977992628,12.028852462768555,2438600,0.0,0
2008-11-19,12.028854814183209,12.215217582261866,11.351172682146155,11.427412033081055,2272200,0.0,0
2008-11-20,11.486708453098784,11.486708453098784,10.199112467360493,10.24993896484375,3158600,0.0,0
2008-11-21,10.512541467892067,10.936092700653939,10.063577387365246,10.842911720275879,2970600,0.0,0
2008-11-24,10.961502949064618,11.969555096395109,10.834437932511545,11.740837097167969,2481400,0.0,0
2008-11-25,11.817077787431108,11.817077787431108,10.927620145826667,11.444353103637695,1874300,0.0,0
2008-11-26,11.029275117453006,12.215218313629498,11.020803898428625,12.138978958129883,1958200,0.0,0
2008-11-28,12.02885340267201,12.172860869126247,11.766252122332942,12.062737464904785,583200,0.0,0
2008-12-01,11.757780168259155,12.020381432147913,11.435881193282842,11.48670768737793,2019500,0.0,0
2008-12-02,11.715425021268091,12.088150494478981,10.885265135419722,11.901787757873535,2377000,0.0,0
2008-12-03,11.859433535871835,12.418520987591084,11.71542606402175,12.282984733581543,1752400,0.0,0
2008-12-04,12.071207794986826,13.062317552256626,12.071207794986826,12.299925804138184,2036300,0.0,0
2008-12-05,12.113564110421466,12.901368768939058,11.65612886075133,12.715006828308105,2200500,0.0,0
2008-12-08,12.986078000855322,13.341861026182292,12.69806309388971,12.94372272491455,1637300,0.0,0
2008-12-09,12.816659960733144,13.307979309256913,12.613355569866723,12.748891830444336,2028000,0.0,0
2008-12-10,12.825130262647262,13.003021793910248,12.418520702106246,12.647238731384277,1632900,0.0,0
2008-12-11,12.520172523381433,12.765832172892402,12.062737286089979,12.189803123474121,1405300,0.0,0
2008-12-12,11.901788992539203,13.748471692412224,11.84249127464167,13.72305965423584,2372100,0.0,0
2008-12-15,13.748472411495115,13.960248024546068,13.104675161793706,13.646821022033691,2395200,0.0,0
2008-12-16,13.748471289845563,14.468508638619516,13.655291126394514,14.358386039733887,2003400,0.0,0
2008-12-17,14.188962261839805,14.985238805353404,13.917889808486905,14.773463249206543,1826500,0.0,0
2008-12-18,14.849704658032469,14.959827251732463,14.019543133745321,14.307558059692383,1594400,0.0,0
2008-12-19,14.815819986641875,14.976769886401852,14.23131890962266,14.519333839416504,1910800,0.0,0
2008-12-22,14.570160682470526,14.570160682470526,13.553637242960688,13.917891502380371,1210700,0.0,0
2008-12-23,13.9517739678092,14.527803776636283,13.917890716788452,14.265202522277832,1288500,0.0,0
2008-12-24,14.180487113147263,14.612509321763934,13.934828376317483,14.561683654785156,409900,0.0,0
2008-12-26,14.553215801541533,14.756520132121258,14.493918907087346,14.722635269165039,684000,0.0,0
2008-12-29,14.65486790326588,14.917470757356107,14.316027335090578,14.443092346191406,1162900,0.0,0
2008-12-30,14.612511450506549,15.12924425651108,14.502388886723464,15.11230182647705,852900,0.0,0
2008-12-31,15.273256495068553,15.586683470906834,15.129249025820824,15.42573356628418,1367700,0.0,0
2009-01-02,15.739158563471,16.14576722529408,15.188542465287345,16.077999114990234,1071700,0.0,0
2009-01-05,16.06106086405174,16.222010773812062,15.849285262263802,16.188127517700195,1552000,0.0,0
2009-01-06,16.272829467795784,16.781091016655576,16.264359869199836,16.586257934570312,2020600,0.0,0
2009-01-07,16.264361723673623,16.264361723673623,15.476556475472684,15.67138957977295,1598400,0.0,0
2009-01-08,15.535860366296813,15.637511764026131,15.01065609229588,15.239374160766602,1737400,0.0,0
2009-01-09,15.154656605096816,15.264780786918877,14.426149871196131,14.781932830810547,1911200,0.0,0
2009-01-12,14.951354335800403,15.19701476296572,14.553216861385486,14.824289321899414,1748100,0.0,0
2009-01-13,14.739583294791151,15.14619211027178,14.646403117735055,14.985243797302246,1192700,0.0,0
2009-01-14,14.8073467890825,15.222426693403222,14.587100012474082,14.714166641235352,2258200,0.0,0
2009-01-15,14.64640248351176,15.264786898909376,14.188966374114244,15.171605110168457,1249300,0.0,0
2009-01-16,15.163131146283519,15.552799052152412,14.595572529447123,15.213956832885742,1203900,0.0,0
2009-01-20,15.078420615589577,15.25631294256112,13.900948910484434,13.951774597167969,1700600,0.0,0
2009-01-21,14.13813708434578,14.917471223353752,14.019541669990238,14.858174324035645,1830200,0.0,0
2009-01-22,14.587103829401535,14.985243021023047,13.884008849827053,14.646402359008789,2472400,0.0,0
2009-01-23,14.544744284382281,16.171180511033572,14.460033744466442,15.823868751525879,3323500,0.0,0
2009-01-26,15.950935960265214,16.518494555785065,15.883167842101026,16.213537216186523,1562400,0.0,0
2009-01-27,16.281303861080424,16.899689701056168,16.0017601969837,16.70485496520996,1825200,0.0,0
2009-01-28,17.035231952262706,17.509608904323123,16.99287585743243,17.331716537475586,1534100,0.0,0
2009-01-29,17.052171634244772,17.331715378553056,16.747215850457362,16.942049026489258,1825100,0.0,0
2009-01-30,17.11146579415824,17.162291475859426,16.61167534622527,16.789566040039062,2423300,0.0,0
2009-02-02,15.832338453435058,16.459193803730958,15.645974960293705,15.942461013793945,2833000,0.0,0
2009-02-03,15.950933303722767,16.171180055005312,15.67138966088706,16.11188316345215,1635400,0.0,0
2009-02-04,16.17118080665371,16.67097122400259,16.01023093944326,16.416839599609375,1738300,0.0,0
2009-02-05,16.11188491491394,16.933573502094482,13.75694011740574,16.721797943115234,2103400,0.0,0
2009-02-06,16.891223000564352,17.76373747425741,16.730273085567514,17.61972999572754,1490000,0.0,0
2009-02-09,17.60279143272849,17.823038287889084,17.21312342260748,17.729856491088867,1587700,0.0,0
2009-02-10,17.102993253043508,17.62819569328278,16.26436229920144,16.467666625976562,2328900,0.0,0
2009-02-11,16.47614015340262,16.70485654329244,15.654449899707178,16.01023292541504,2143400,0.0,0
2009-02-12,15.76457439124654,16.772624969482422,15.595153284193417,16.772624969482422,1594900,0.0,0
2009-02-13,17.38254056254689,17.47572072210447,16.74721380177298,17.035228729248047,1682800,0.0,0
2009-02-17,16.552377132795264,16.552377132795264,15.6798613183847,15.823868751525879,1862200,0.0,0
2009-02-18,15.967878681119606,16.0949437029994,15.349494389777025,15.773045539855957,1874000,0.0,0
2009-02-19,15.942466142637686,16.162712949929965,14.942885100203311,15.002182006835938,2386900,0.0,0
2009-02-20,14.697226610821573,14.900530988061602,14.273675420974955,14.493922233581543,2413800,0.0,0
2009-02-23,14.654865841552024,14.942880687911599,14.22284518773171,14.400735855102539,2685800,0.0,0
2009-02-24,14.400739210580435,15.662921453386154,14.400739210580435,15.374906539916992,2466100,0.0,0
2009-02-25,15.332552751049484,15.722219053782387,14.74805168123063,15.366436004638672,2352300,0.0,0
2009-02-26,15.595150781069897,15.832339969729972,14.832759153138515,14.976766586303711,1645600,0.0,0
2009-02-27,14.612515992129397,15.137720176386306,14.527805431349952,14.6294584274292,1918700,0.0,0
2009-03-02,14.30755574060293,14.417679932172565,13.663757870233429,13.680700302124023,1391400,0.0,0
2009-03-03,13.672232346443833,14.18049411432657,13.536696090437719,13.72305965423584,1697200,0.0,0
2009-03-04,13.731530825338707,14.934416446614973,13.731530825338707,14.57016372680664,1979400,0.0,0
2009-03-05,14.23978962600564,14.620986318413781,13.985659574879854,14.053427696228027,2491000,0.0,0
2009-03-06,14.146610890382316,14.375327313088427,13.367275800853784,13.655291557312012,1924300,0.0,0
2009-03-09,13.485869432299346,14.002602381131034,12.943723639251923,13.04537582397461,2016600,0.0,0
2009-03-10,12.32533731926611,13.384215081954613,12.282982047186644,13.375743865966797,5523300,0.0,0
2009-03-11,13.401156906069513,13.89247613066066,12.960664170304184,13.68917179107666,2923800,0.0,0
2009-03-12,13.536696368467684,14.316030664369384,13.223268568051104,14.282147407531738,1804200,0.0,0
2009-03-13,14.434622935449443,14.553216731939608,14.146608044785362,14.273673057556152,2891100,0.0,0
2009-03-16,14.604044905492751,14.604044905492751,13.926363644616817,13.985660552978516,1737300,0.0,0
2009-03-17,14.180491503251687,14.180491503251687,13.612932929836626,13.977187156677246,2763600,0.0,0
2009-03-18,14.036483044731979,15.044535104306801,13.807765065415815,14.959824562072754,2779200,0.0,0
2009-03-19,14.934409972058706,15.23936725856534,14.705693622897837,14.89205551147461,1798900,0.0,0
2009-03-20,14.942884502779654,15.146188866985971,14.24826085447821,14.426153182983398,2066700,0.0,0
2009-03-23,14.612514982515085,15.205487251281738,14.612514982515085,15.205487251281738,1685200,0.0,0
2009-03-24,14.942883711154591,15.789985991663933,14.883586810034037,15.595152854919434,2365500,0.0,0
2009-03-25,15.679860795053715,16.179651186585083,15.154656757680053,15.67138957977295,2253000,0.0,0
2009-03-26,15.88316526720956,16.493078231811523,15.781512298583005,16.493078231811523,1735300,0.0,0
2009-03-27,16.20506721575803,16.349074679630654,15.408792171492484,15.535857200622559,1627300,0.0,0
2009-03-30,15.24784335018158,15.281728222060734,14.299087941920314,14.587102890014648,2242900,0.0,0
2009-03-31,14.773466760575227,15.129249844093517,14.680284976692924,14.832763671875,1398800,0.0,0
2009-04-01,14.561691913358176,15.205489984517788,14.316031421484753,15.171605110168457,1424000,0.0,0
2009-04-02,15.49350028046431,16.56084764901945,15.468086632367568,16.162710189819336,1790900,0.0,0
2009-04-03,16.111886318097216,16.50155260500979,15.857754655758228,16.43378448486328,992100,0.0,0
2009-04-06,16.230479941767108,16.306719278038866,15.451145760993096,15.773045539855957,1369300,0.0,0
2009-04-07,15.527381667996456,15.620563417464568,15.053004937077,15.11230182647705,1258600,0.0,0
2009-04-08,15.12925038662138,15.58668487285134,15.036068599397622,15.400322914123535,912900,0.0,0
2009-04-09,15.781511164913413,16.069526003660044,15.688331034061743,15.942461013793945,973500,0.0,0
2009-04-13,15.773041465773685,15.798453494154222,15.357960024076302,15.56126594543457,1432900,0.0,0
2009-04-14,15.324080739113299,15.883168127959935,15.213956535289904,15.773045539855957,1304100,0.0,0
2009-04-15,15.7476299992204,15.91705108520645,15.408789442967517,15.705275535583496,1577600,0.0,0
2009-04-16,15.789986652055068,17.45030803146776,15.789986652055068,17.289358139038086,2223600,0.0,0
2009-04-17,17.340186926211025,17.340186926211025,16.510026895922564,16.577795028686523,1803800,0.0,0
2009-04-20,16.32366236546452,16.32366236546452,15.654450745997192,15.900111198425293,996500,0.0,0
2009-04-21,15.9255247780671,16.306721511640045,15.789988520734415,16.094945907592773,1206300,0.0,0
2009-04-22,15.866227637879003,17.026758642182866,15.857756419953327,16.32366371154785,2135900,0.0,0
2009-04-23,16.13729909250736,16.17965517936372,15.146189280141552,15.535857200622559,3433300,0.0,0
2009-04-24,15.637506915214741,16.222007925938172,15.341022417337012,16.061058044433594,3363700,0.0,0
2009-04-27,15.789989075252192,17.052171525813304,15.756105817588915,16.899694442749023,2419800,0.0,0
2009-04-28,16.772623025434132,17.924682542138108,16.51849301002907,17.67902374267578,2488000,0.0,0
2009-04-29,17.88233624384043,19.195344615863934,17.43337128817796,18.839561462402344,2583600,0.0,0
2009-04-30,18.831082829441005,19.568062505673566,18.500713465467445,18.543067932128906,2673800,0.0,0
2009-05-01,18.585421802379543,18.91579112703089,18.424471939928235,18.797197341918945,1827800,0.0,0
2009-05-04,18.907324144026106,19.542650904864182,18.729433426536804,19.5341796875,1231700,0.0,0
2009-05-05,19.42405545524099,19.754424825987638,18.983561883765876,19.102155685424805,1689200,0.0,0
2009-05-06,19.339347414350733,19.593477483949624,18.720963060132412,19.051332473754883,2009000,0.0,0
2009-05-07,19.110624621652043,19.229220024878646,17.907739468142253,18.136457443237305,1903800,0.0,0
2009-05-08,18.449895135859208,18.75485097194979,17.99245895814337,18.704025268554688,1234100,0.0,0
2009-05-11,18.339766231126678,18.636252387711455,17.68749700978408,18.331295013427734,1479200,0.0,0
2009-05-12,18.55153609233101,18.661660272659336,17.399478308597793,17.85691261291504,1414700,0.0,0
2009-05-13,17.484188774380993,17.687493107139,17.060637677205335,17.407949447631836,1592900,0.0,0
2009-05-14,17.458773335884462,17.831497065351716,17.357120381481366,17.653606414794922,1013500,0.0,0
2009-05-15,17.52654386038513,18.043275070969692,17.399478861576437,17.738319396972656,1073400,0.0,0
2009-05-18,17.916211076956255,18.263522847180564,17.602784170031494,18.24658203125,915400,0.0,0
2009-05-19,18.255054149642653,19.110627677352177,18.127989126179138,18.822612762451172,1242400,0.0,0
2009-05-20,18.949682377505635,19.61889246789042,18.83955815501568,18.92426872253418,1218800,0.0,0
2009-05-21,18.71248610059817,19.305458235339334,18.636246779968047,19.00897216796875,1395100,0.0,0
2009-05-22,19.05133324001363,19.161457459463453,18.314355039103294,18.59389877319336,1161400,0.0,0
2009-05-26,18.50071103171844,19.695124930504402,18.246581033741514,19.50029182434082,1676100,0.0,0
2009-05-27,19.5172388608162,19.796782570846247,19.1953390639819,19.220752716064453,1136900,0.0,0
2009-05-28,19.356292942873093,20.03397431390609,19.076749175357,19.915380477905273,2169500,0.0,0
2009-05-29,19.77983809406757,20.24574369077804,19.28851884789824,19.491823196411133,2323800,0.0,0
2009-06-01,19.7883069541991,20.025494524693958,19.35628465915886,19.449464797973633,3043900,0.0,0
2009-06-02,19.407113986597427,19.534179011222122,18.992034044439723,19.161455154418945,1832700,0.0,0
2009-06-03,18.661663191452877,18.805670638908023,18.263524098990192,18.636249542236328,2297700,0.0,0
2009-06-04,18.77178707620965,18.848026413431647,18.46682972732166,18.822612762451172,1797800,0.0,0
2009-06-05,19.11063198131597,19.161459294723898,18.70402316837133,19.042863845825195,1367500,0.0,0
2009-06-08,19.00050355788681,19.110626138495874,18.534596355077852,18.932735443115234,1155200,0.0,0
2009-06-09,19.059800887831123,19.52570648546815,18.992032771525388,19.356287002563477,1278900,0.0,0
2009-06-10,19.398643714596144,19.551122397862063,18.839556286434124,19.169925689697266,845500,0.0,0
2009-06-11,19.22922989942114,19.491831256203294,18.941214882671677,19.0598087310791,1621200,0.0,0
2009-06-12,18.87343964990334,18.924265335028597,18.06869182610965,18.39906120300293,1109900,0.0,0
2009-06-15,18.136457590194574,18.31434988861633,17.806088256193124,18.043275833129883,941600,0.0,0
2009-06-16,18.2211721244046,18.297411466760565,17.238533507060527,17.39101219177246,1261800,0.0,0
2009-06-17,17.4248954463087,17.619728603120816,17.14535172957667,17.39101219177246,1068900,0.0,0
2009-06-18,17.49266198172476,18.23811290242517,17.170763822140078,18.085634231567383,2369700,0.0,0
2009-06-19,18.229639544644265,18.59389374542025,18.195754681446868,18.517654418945312,2070300,0.0,0
2009-06-22,18.365175832051584,18.365175832051584,17.407949447631836,17.407949447631836,1503700,0.0,0
2009-06-23,17.433362483687805,17.46724734581865,16.84886153768399,17.009811401367188,1640800,0.0,0
2009-06-24,17.04369484767895,17.873854512293427,17.00133877353391,17.63666534423828,1502800,0.0,0
2009-06-25,17.49265952608135,17.87385614971291,17.49265952608135,17.823030471801758,1160300,0.0,0
2009-06-26,17.772203106823277,18.30587837776497,17.611254858130913,18.229639053344727,1436300,0.0,0
2009-06-29,18.25505191587427,18.28046556374502,17.789146348278482,18.127986907958984,763900,0.0,0
2009-06-30,18.11105023270388,18.348239507731268,17.535021906014087,17.814565658569336,1497200,0.0,0
2009-07-01,17.95009991129265,18.483773700569596,17.87386056772172,18.331295013427734,1206000,0.0,0
2009-07-02,18.01786424196873,18.102574785395586,17.86538558694424,17.950096130371094,778200,0.0,0
2009-07-06,17.899268315203706,18.111043859762628,17.568898982721922,17.797616958618164,712000,0.0,0
2009-07-07,17.729851010810616,17.814561562106885,17.365596771240234,17.365596771240234,863600,0.0,0
2009-07-08,17.433370868485433,17.433370868485433,16.942051441316067,17.204652786254883,1485900,0.0,0
2009-07-09,17.306301852968044,17.619728828240838,17.255476162654535,17.47572135925293,1089300,0.0,0
2009-07-10,17.32324358645109,17.687496237279483,17.280887499806276,17.551959991455078,1333200,0.0,0
2009-07-13,17.66207952916892,17.933151949115647,17.009810508847696,17.721376419067383,1570200,0.0,0
2009-07-14,17.70443811008171,18.09410601625026,17.56890186855859,18.034809112548828,1062800,0.0,0
2009-07-15,18.28046571142341,19.35628591085434,18.170343134532338,19.32240104675293,2048900,0.0,0
2009-07-16,19.373227815486228,20.084792169332324,19.21227794682476,20.008554458618164,1610200,0.0,0
2009-07-17,19.906898359102467,20.228796430163104,19.822187830175263,20.135616302490234,1207600,0.0,0
2009-07-20,20.228804518335444,20.660826934454565,20.127153135554238,20.42363929748535,1208300,0.0,0
2009-07-21,20.974251754003244,20.974251754003244,19.92384516539582,20.398221969604492,1155200,0.0,0
2009-07-22,20.271157633242623,20.669295119536933,20.177975866265918,20.389751434326172,1144900,0.0,0
2009-07-23,20.321978277482486,20.737058094057684,20.1864420767934,20.652347564697266,1666800,0.0,0
2009-07-24,20.41516787332199,20.89801597595215,20.254217967205413,20.89801597595215,735400,0.0,0
2009-07-27,20.813299704308978,20.99966321259883,20.57611213480428,20.965778350830078,841000,0.0,0
2009-07-28,20.720125419346047,21.118264610054215,20.355872718341153,20.855663299560547,1036600,0.0,0
2009-07-29,20.77942123654699,20.77942123654699,20.279630720563627,20.457521438598633,1078900,0.0,0
2009-07-30,20.75400611364044,21.042021021617902,20.50834567389286,20.745534896850586,1346100,0.0,0
2009-07-31,20.669294357299805,20.796359370306213,20.39822189869432,20.669294357299805,972200,0.0,0
2009-08-03,20.80483531623282,21.109792709350586,20.338929624053712,21.109792709350586,822100,0.0,0
2009-08-04,20.991197305731827,21.88065414775218,20.931898782640197,21.66887855529785,1477700,0.0,0
2009-08-05,21.507926175169217,21.66887605929643,19.98314273142313,20.389751434326172,2269800,0.0,0
2009-08-06,20.406693303565582,20.65235211555216,20.296569106414903,20.440576553344727,996900,0.0,0
2009-08-07,20.754008783553417,21.36392192941103,20.31351514812978,21.211444854736328,1087900,0.0,0
2009-08-10,21.03355271178383,21.304625223645335,20.754008981961704,21.050495147705078,721200,0.0,0
2009-08-11,20.864129291201525,21.05896405144579,20.516817471580946,21.008136749267578,674500,0.0,0
2009-08-12,20.923422372108067,21.643457859571207,20.923422372108067,21.346973419189453,737700,0.0,0
2009-08-13,21.440155105558613,21.457097536442987,20.84718456607773,20.965778350830078,1219700,0.0,0
2009-08-14,20.872596232251176,21.067430952581415,20.398219485805225,20.58458137512207,688100,0.0,0
2009-08-17,20.27116290588258,20.389756737813027,19.737487430755998,19.923851013183594,1465400,0.0,0
2009-08-18,19.96620369538937,20.68624107245009,19.96620369538937,20.57611846923828,957800,0.0,0
2009-08-19,20.338923089935175,20.872596740722656,20.31350944343324,20.872596740722656,672600,0.0,0
2009-08-20,20.813308137311648,20.965786845613092,20.69471430450821,20.864133834838867,524200,0.0,0
2009-08-21,20.94884119097795,21.448631717787595,20.923429153976493,21.423219680786133,554400,0.0,0
2009-08-24,21.507930790383732,21.736648840740227,21.330040050586263,21.440162658691406,651400,0.0,0
2009-08-25,21.575696236762504,21.7112324832783,21.355449432244455,21.651935577392578,1196500,0.0,0
2009-08-26,21.677349471013933,22.261850550449864,21.49945713565538,22.100900650024414,1182100,0.0,0
2009-08-27,22.10089748155378,22.304201824445965,21.499454053410016,22.227962493896484,749700,0.0,0
2009-08-28,22.28726285314501,22.922589629243824,22.22796594589091,22.79552459716797,975700,0.0,0
2009-08-31,22.61763150454097,22.753167739977073,22.03313047939817,22.575275421142578,1406300,0.0,0
2009-09-01,22.51598354240253,22.90565151798817,21.728177988381763,21.79594612121582,904200,0.0,0
2009-09-02,21.90606598857883,22.092427912864956,21.677347979873527,21.711231231689453,704500,0.0,0
2009-09-03,21.82135563590095,21.9823055267334,21.584166408133104,21.9823055267334,749000,0.0,0
2009-09-04,22.024655429420264,22.60068513762785,21.914532863189564,22.46514892578125,343400,0.0,0
2009-09-08,22.685396849799965,22.939526856254723,22.490562121417526,22.812461853027344,898500,0.0,0
2009-09-09,22.81246440152286,23.01576875254266,22.600688833912315,22.939529418945312,1167900,0.0,0
2009-09-10,22.990360048630816,23.227549317039546,22.803998090700908,23.151309967041016,1030600,0.0,0
2009-09-11,23.25295416696403,23.261423766450235,22.270315823216652,22.46514892578125,1205600,0.0,0
2009-09-14,22.278789745447426,22.592218305981532,22.21949284322407,22.48209571838379,906100,0.0,0
2009-09-15,22.43973791606879,22.998825259539462,22.43973791606879,22.77010726928711,1009800,0.0,0
2009-09-16,22.897173091534995,22.914113907620848,22.532918886321927,22.736223220825195,926200,0.0,0
2009-09-17,22.626102458209523,22.86329169226282,21.94842124051364,22.24490737915039,1246400,0.0,0
2009-09-18,22.30420510745779,22.87176375413359,21.804414585054346,22.211023330688477,764700,0.0,0
2009-09-21,22.024659262718494,22.626101105501274,21.92300627828173,22.575275421142578,990200,0.0,0
2009-09-22,22.693868065444345,22.87175874681884,22.566801446497788,22.812461853027344,900300,0.0,0
2009-09-23,22.93953336055094,23.210605875154613,22.643047191808307,22.668460845947266,981900,0.0,0
2009-09-24,22.7023427202281,22.871763839400362,21.880654008397563,22.007719039916992,1280600,0.0,0
2009-09-25,21.914535095810155,22.067012137882394,21.618048996295496,21.9399471282959,958300,0.0,0
2009-09-28,21.965364295611717,22.626103097607356,21.829828048242383,22.371973037719727,533300,0.0,0
2009-09-29,22.46515229128097,22.668456639507845,22.058543594827213,22.1093692779541,744800,0.0,0
2009-09-30,22.194081358204024,22.363500852222096,21.592637872783325,21.99924659729004,929900,0.0,0
2009-10-01,21.99924672559685,22.024660376921535,21.24532617587861,21.279211044311523,1280700,0.0,0
2009-10-02,21.008135326749684,21.202970073801158,20.745534079488127,20.7794189453125,910300,0.0,0
2009-10-05,20.91495440874636,21.186026862504683,20.550700193113887,21.12672996520996,786200,0.0,0
2009-10-06,21.30462057513455,21.592635460074582,20.99119365757698,21.4655704498291,744300,0.0,0
2009-10-07,21.34698118913427,21.474046226364432,21.17756006234764,21.32156753540039,392400,0.0,0
2009-10-08,21.482518574376968,21.7790031382709,21.092850608556848,21.533344268798828,1772700,0.0,0
2009-10-09,21.448632411248468,22.43127106149034,21.41474915557785,22.338090896606445,932200,0.0,0
2009-10-12,22.42279675234712,22.795522207656088,22.261848482591358,22.575275421142578,840900,0.0,0
2009-10-13,22.44821237882992,22.659987967309448,22.211023138073823,22.371973037719727,587700,0.0,0
2009-10-14,23.083539390465482,23.100481825497226,22.643045773957304,22.820938110351562,863700,0.0,0
2009-10-15,22.68540080485151,22.719284057617188,22.355029799999283,22.719284057617188,633700,0.0,0
2009-10-16,22.53292892604743,22.583754628389233,21.719709609978796,22.033138275146484,940400,0.0,0
2009-10-19,22.04160050008857,22.338086604912313,21.82135372552577,22.050071716308594,493700,0.0,0
2009-10-20,22.03313151354918,22.25337831040023,21.71970294456744,21.863710403442383,570900,0.0,0
2009-10-21,21.880657196044925,22.448215927520458,21.855243539750877,21.880657196044922,651000,0.0,0
2009-10-22,21.82135683081686,22.40585790742182,21.448631342691428,22.371973037719727,909100,0.0,0
2009-10-23,22.753167168882968,22.7785792025648,22.050072359310782,22.17713737487793,1270500,0.0,0
2009-10-26,22.126311828056227,22.346556994678654,21.440157831473247,21.702760696411133,1127100,0.0,0
2009-10-27,21.8128837988982,22.11784113797125,21.236853987635495,21.28767967224121,1166600,0.0,0
2009-10-28,21.194501362277148,21.330037610154704,20.00008716803146,20.050912857055664,1949500,0.0,0
2009-10-29,21.033550524182367,21.75358781875153,20.83871737851055,21.482515335083008,2421700,0.0,0
2009-10-30,21.45710129971044,21.914537319501445,20.957310810999267,20.991195678710938,1728300,0.0,0
2009-11-02,21.1436707817804,21.626520407721593,20.720119668853204,21.12672996520996,1181800,0.0,0
2009-11-03,21.00813462291002,21.440156953380644,20.745533384446446,21.37238883972168,1501500,0.0,0
2009-11-04,21.558753051176865,21.846767947336662,21.270738155017067,21.36391830444336,1122300,0.0,0
2009-11-05,21.70276443359733,22.1517276763916,21.49945843356565,22.1517276763916,1244100,0.0,0
2009-11-06,21.923001398076615,22.482090264442874,21.81287883719356,22.363494873046875,1586400,0.0,0
2009-11-09,22.51597999512546,23.108952275793534,22.51597999512546,23.032712936401367,1094800,0.0,0
2009-11-10,22.888702462494457,23.26142627744741,22.854817598015497,23.134361267089844,1254000,0.0,0
2009-11-11,23.244487290349344,23.507088547851843,23.134363087844836,23.40543556213379,1470200,0.0,0
2009-11-12,23.413903571541397,23.61720789940825,22.96494045339679,23.083534240722656,779600,0.0,0
2009-11-13,23.227542726917427,23.43931828000175,22.71080986036152,23.320724487304688,702800,0.0,0
2009-11-16,23.490153930893495,23.82052503262235,23.439328228981335,23.608749389648438,789400,0.0,0
2009-11-17,23.456265910186726,23.617214202880863,23.07506918386987,23.61721420288086,792600,0.0,0
2009-11-18,23.642628195107125,23.972997618832927,23.5325055924384,23.795106887817383,1458000,0.0,0
2009-11-19,23.50709178683833,23.710396170567876,22.94800432765218,23.21060562133789,1246100,0.0,0
2009-11-20,23.024246243681997,23.320732442278803,22.592223774135757,23.202136993408203,811900,0.0,0
2009-11-23,23.422377041572446,23.862870602207742,23.278369593507804,23.464733123779297,720000,0.0,0
2009-11-24,23.405438523636533,23.54944599578881,23.17672210434024,23.507091522216797,833100,0.0,0
2009-11-25,23.634156042057963,23.64262725973112,23.24448972341006,23.422380447387695,657100,0.0,0
2009-11-27,22.676930700137387,23.219075696738567,22.592220140488568,22.998828887939453,296500,0.0,0
2009-11-30,22.897172344107837,23.142831134385595,22.65998315373692,23.083534240722656,1031500,0.0,0
2009-12-01,23.32920109993072,23.854403688269304,23.30378744602287,23.75275230407715,832100,0.0,0
2009-12-02,23.69345295418979,24.32030852063695,23.676512134560078,24.10006332397461,1001800,0.0,0
2009-12-03,24.210180857847906,24.51513816746349,24.057702203040115,24.09158706665039,887600,0.0,0
2009-12-04,24.413494110107422,24.73539396911165,23.97300041658575,24.413494110107422,806300,0.0,0
2009-12-07,24.48125500555664,24.91327735230238,24.21018254070896,24.455842971801758,1079300,0.0,0
2009-12-08,24.24407465588206,24.506675982758612,23.795109741908753,24.277957916259766,1107900,0.0,0
2009-12-09,24.218646874133935,24.261001328834276,23.87980638937458,24.176292419433594,1006000,0.0,0
2009-12-10,24.277952953322647,24.557496661103198,23.98146681095673,24.066177368164062,931800,0.0,0
2009-12-11,24.269481187734243,24.388076611433,23.871343678289836,24.04923439025879,795600,0.0,0
2009-12-14,24.28642354933418,24.31183720056211,24.04076310128921,24.252538681030273,1050500,0.0,0
2009-12-15,23.862869615394178,24.786211164968876,23.61720919591134,24.693029403686523,1748800,0.0,0
2009-12-16,24.913282263816384,25.74344225500363,24.78621722283379,25.184354782104492,1799600,0.0,0
2009-12-17,24.84550618691645,25.16740429548817,24.3626582161993,24.421955108642578,1809000,0.0,0
2009-12-18,24.66762366146761,24.68456448225043,24.150890658179208,24.642210006713867,1247100,0.0,0
2009-12-21,24.828573194293668,25.116588166262826,24.557500659668516,24.65068244934082,1698400,0.0,0
2009-12-22,24.625265608277992,24.845512418104008,24.582911136115875,24.77774429321289,953500,0.0,0
2009-12-23,24.77774081386603,25.252117621490772,24.752327164705672,25.091169357299805,592300,0.0,0
2009-12-24,25.091173364247286,25.370717086775798,25.082702146507685,25.243650436401367,262200,0.0,0
2009-12-28,25.37918328417157,25.404596933981125,24.930220114238306,25.21823501586914,628900,0.0,0
2009-12-29,25.243651009254222,25.48931148211867,25.158942061375075,25.192825317382812,785500,0.0,0
2009-12-30,25.01492984642496,25.777321542864215,25.00645863009883,25.768850326538086,636600,0.0,0
2009-12-31,25.828154441242766,26.09075575784386,25.51472742820399,25.54861068725586,692000,0.0,0
2010-01-04,25.718023449602953,25.96368224877171,25.404594922973317,25.624841690063477,1360200,0.0,0
2010-01-05,25.565547442505583,25.658729211697455,25.150467513126326,25.413068771362305,1607500,0.0,0
2010-01-06,25.345300834190535,25.387655302825166,25.04034348971907,25.252119064331055,1090700,0.0,0
2010-01-07,25.192820261251477,25.277530807849057,24.48125425498264,24.73538589477539,2213100,0.0,0
2010-01-08,24.625264913028136,25.2097659835364,24.625264913028136,25.167409896850586,2050500,0.0,0
2010-01-11,25.336832245277943,25.362245898526293,24.87092657909521,25.17588233947754,990100,0.0,0
2010-01-12,25.03187295393731,25.057286605241213,23.888286112492437,24.04923439025879,2655600,0.0,0
2010-01-13,24.167830960142574,24.244070301950558,23.557916225678703,23.94758415222168,2951600,0.0,0
2010-01-14,23.871342092820996,24.455843108234163,23.854399659743663,24.430429458618164,1458000,0.0,0
2010-01-15,24.405020042938773,24.515144261327123,23.761222015784156,23.795106887817383,912300,0.0,0
2010-01-19,23.795098532897477,24.277946479796267,23.710387998277554,24.21017837524414,1487900,0.0,0
2010-01-20,23.956052198190605,24.27795034209313,23.812044751142796,24.07464599609375,1651500,0.0,0
2010-01-21,24.03229223040551,24.4981978349362,23.913696813326197,23.9984073638916,2213000,0.0,0
2010-01-22,23.92216792340069,23.981464823816545,22.86329008534797,22.939529418945312,1179700,0.0,0
2010-01-25,23.117422134650507,23.583327745142082,23.00729793279072,23.430849075317383,1170800,0.0,0
2010-01-26,23.396965105590326,23.879813134727804,23.269898474158914,23.57485580444336,1694800,0.0,0
2010-01-27,23.549438212578437,23.75274414254531,23.083532694392094,23.600265502929688,1604400,0.0,0
2010-01-28,23.735811403312184,23.735811403312184,22.295736569785998,22.85482406616211,1877200,0.0,0
2010-01-29,23.2953086366317,23.2953086366317,22.28725664686338,22.397380828857422,1640100,0.0,0
2010-02-01,22.5837520023127,23.04965772032951,22.5837520023127,22.76164436340332,1866400,0.0,0
2010-02-02,22.846351753916085,23.202134836006554,22.643047366395766,23.18519401550293,2481400,0.0,0
2010-02-03,23.125890966448203,23.617210210807958,23.108950149257357,23.32919692993164,1307400,0.0,0
2010-02-04,23.10048414277246,23.176723492343566,22.244910476478697,22.321149826049805,1978600,0.0,0
2010-02-05,22.346551746756845,22.761633180123265,22.100892988267884,22.710805892944336,2627400,0.0,0
2010-02-08,22.803991211797477,22.888701754655916,22.39738254494004,22.69386863708496,1938100,0.0,0
2010-02-09,23.092010607981354,23.092010607981354,22.100900778697724,22.820938110351562,2888200,0.0,0
2010-02-10,22.69387453194412,23.00730152149975,22.448214055414912,22.600692749023438,1442900,0.0,0
2010-02-11,22.532920582886614,23.083536732255258,22.388913133139184,22.964942932128906,1902900,0.0,0
2010-02-12,22.6854028966226,23.26990239041146,22.448213642514332,23.236019134521484,1834100,0.0,0
2010-02-16,23.490148544311523,23.549445452231517,23.185192787048777,23.490148544311523,977300,0.0,0
2010-02-17,23.60027272949779,23.617213549083207,23.33766982942935,23.55791664123535,826100,0.0,0
2010-02-18,23.5663876632269,23.73580878343091,23.42238019576936,23.7188663482666,986300,0.0,0
2010-02-19,23.61721127318677,23.972994301708063,23.456263000458126,23.87981414794922,853200,0.0,0
2010-02-22,23.879813846458216,23.97299399904063,23.363080936012807,23.49861717224121,1195800,0.0,0
2010-02-23,23.380024738884618,23.46473529541888,22.90564788430003,23.100481033325195,1496700,0.0,0
2010-02-24,23.10048287952236,23.422381081215374,23.092011661619964,23.236019134521484,1039900,0.0,0
2010-02-25,22.897177849392055,23.583330322882688,22.609162911735332,23.490148544311523,1481200,0.0,0
2010-02-26,23.515561428273163,23.53250386304468,23.219075282649598,23.38849639892578,1016600,0.0,0
2010-03-01,23.524031767504518,24.057705517129232,23.498618116295933,23.939111709594727,1048800,0.0,0
2010-03-02,23.956063100129924,24.167838758885853,23.710402560427422,23.989946365356445,1126900,0.0,0
2010-03-03,24.074647042197704,24.303365047280124,23.930639588892408,24.244068145751953,1005000,0.0,0
2010-03-04,24.193241323630616,24.235597408216385,23.447792007834686,23.583328247070312,1687700,0.0,0
2010-03-05,23.769688333571498,23.888283745519214,23.49861587606694,23.76121711730957,1747100,0.0,0
2010-03-08,23.913703273510304,24.01535628479379,23.7019276477462,23.854406356811523,1135900,0.0,0
2010-03-09,23.7103936958758,23.99840861336198,23.7103936958758,23.939111709594727,2443500,0.0,0
2010-03-10,23.888287167573733,24.59985327831641,23.820519043489647,24.46431541442871,2330800,0.0,0
2010-03-11,24.39654579346441,24.599851768962104,24.193241433686136,24.506669998168945,932100,0.0,0
2010-03-12,24.557500119477954,24.557500119477954,24.03229749912453,24.388080596923828,923300,0.0,0
2010-03-15,24.28642173394735,24.379603499098394,23.820516139630783,23.9136962890625,933300,0.0,0
2010-03-16,23.939108906508427,24.31183433532715,23.778159032472278,24.31183433532715,1202000,0.0,0
2010-03-17,24.438904117345718,25.10811416096424,24.438904117345718,24.99799156188965,1241600,0.0,0
2010-03-18,25.074227136672683,25.243646618683847,24.72691534047257,24.7946834564209,1309500,0.0,0
2010-03-19,24.625267028808594,24.904810762075122,24.261012730611675,24.625267028808594,1700500,0.0,0
2010-03-22,24.38807661302572,25.065757823979492,24.38807661302572,24.86245346069336,1052300,0.0,0
2010-03-23,24.82856713071945,25.294474349578444,24.718444546316768,25.21823501586914,914000,0.0,0
2010-03-24,25.116583077503755,25.158939162282206,24.498198781213254,24.506669998168945,961700,0.0,0
2010-03-25,24.74385871035782,24.896337390901785,24.10006235029141,24.108531951904297,1107900,0.0,0
2010-03-26,24.227126463830107,24.286423367197795,23.89675546322244,24.03229331970215,1147000,0.0,0
2010-03-29,24.464308663468124,25.607896855566896,24.464308663468124,25.2012882232666,2082800,0.0,0
2010-03-30,25.31141418875591,26.014508982451375,25.31141418875591,25.862031936645508,1857700,0.0,0
2010-03-31,25.76038058198004,26.116163609407888,25.38765512093196,25.413068771362305,1546100,0.0,0
2010-04-01,25.52318935982796,26.04839345089252,25.362241100197235,25.751907348632812,1964900,0.0,0
2010-04-05,25.921333769346127,27.07339193493245,25.751912643017747,27.064922332763672,2172800,0.0,0
2010-04-06,26.827729627786038,26.963265865124797,26.336410363503187,26.42959213256836,2048500,0.0,0
2010-04-07,26.488892485861136,26.522775741751012,26.09922454095011,26.31947135925293,1645500,0.0,0
2010-04-08,26.12463276376786,26.15851601261396,25.633313537604934,25.81967544555664,1297000,0.0,0
2010-04-09,25.862036902562153,26.319471359252933,25.582493174662343,26.31947135925293,1197800,0.0,0
2010-04-12,26.2771155503577,26.471948705054213,25.946744531829346,26.268644332885742,940400,0.0,0
2010-04-13,26.26864427889963,26.599013681029497,26.26864427889963,26.4041805267334,878100,0.0,0
2010-04-14,26.64136979350245,27.420702411424024,26.615956141114758,27.39529037475586,1208400,0.0,0
2010-04-15,27.41223024005859,27.429172673395534,27.12421533620804,27.33599090576172,866800,0.0,0
2010-04-16,27.225870109160372,27.276697415526737,26.751493226444655,26.98021125793457,950500,0.0,0
2010-04-19,26.912440779496432,27.03103458587954,26.200874709758928,26.69219398498535,795200,0.0,0
2010-04-20,26.86161469150717,27.234341792914268,26.666781539153014,27.08186149597168,773600,0.0,0
2010-04-21,27.200460257294658,27.471532783484726,26.980213425835306,27.293642044067383,1006200,0.0,0
2010-04-22,27.10727804021318,27.3359960864502,26.49736486596747,27.319053649902344,636200,0.0,0
2010-04-23,27.276701101877393,27.818846183964364,27.175049706845982,27.793434143066406,775800,0.0,0
2010-04-26,27.818835716979137,27.86119017968617,27.496935983816645,27.530820846557617,771700,0.0,0
2010-04-27,27.302100050363833,27.89507216133327,27.005613994879113,27.132678985595703,1488400,0.0,0
2010-04-28,27.310581213694118,27.691774686431778,27.03103588681821,27.624008178710938,1467500,0.0,0
2010-04-29,28.632054962860405,28.877715387123207,27.954373819582486,28.369455337524414,2105000,0.0,0
2010-04-30,28.462637612910527,28.513464917131223,26.929384430468104,27.08186149597168,1969700,0.0,0
2010-05-03,27.717187928821357,27.954375535669655,27.2512790847425,27.463054656982422,1657700,0.0,0
2010-05-04,26.988675253983487,26.99714646944447,25.929797557147587,26.048391342163086,2183900,0.0,0
2010-05-05,25.74344252729072,25.963689354659262,25.379188221093504,25.497783660888672,1679000,0.0,0
2010-05-06,25.362245674543562,25.684143867581998,22.871764228384645,24.10006332397461,3137600,0.0,0
2010-05-07,24.03229525342249,24.1593602873944,23.049655005264796,23.28684425354004,4256500,0.0,0
2010-05-10,24.532082362226372,25.192822752154086,23.896755623506458,25.133525848388672,2381300,0.0,0
2010-05-11,24.79469028920185,25.574024645231898,24.718450935785448,25.006465911865234,1812000,0.0,0
2010-05-12,25.141997017876704,25.34530137999599,24.667620172931706,25.269062042236328,1976600,0.0,0
2010-05-13,25.6756653449188,25.89591209463826,25.302941567595816,25.51471710205078,1862600,0.0,0
2010-05-14,25.269060406999056,25.32835730681497,24.345718812301538,24.769269943237305,1338100,0.0,0
2010-05-17,24.96410305619876,25.286002820261377,24.142414444484054,24.837038040161133,1616200,0.0,0
2010-05-18,25.091169341809977,25.091169341809977,23.896753683519716,24.07464599609375,1705000,0.0,0
2010-05-19,23.89675546322244,24.379605138615272,23.481675523929184,24.03229331970215,1644000,0.0,0
2010-05-20,23.29530963740857,23.7951000461596,22.803990444230177,23.176715850830078,1874600,0.0,0
2010-05-21,22.719291714753243,24.413496932744923,22.66846601061509,23.888294219970703,2887600,0.0,0
2010-05-24,23.86286952430118,24.13394197530314,23.27836854200366,23.295310974121094,1513500,0.0,0
2010-05-25,22.871762566435887,23.35461062876776,22.2618494796566,23.193660736083984,1716400,0.0,0
2010-05-26,23.363080926046255,23.718863949923886,22.964943434260082,23.117422103881836,1473100,0.0,0
2010-05-27,23.710398181105052,24.67609448963708,23.50709378013619,24.65068244934082,1688300,0.0,0
2010-05-28,24.549024103660244,24.650677089903628,24.13394417329529,24.328777313232422,1884900,0.0,0
2010-06-01,24.142413365269146,24.337246488865357,23.117420450569632,23.134361267089844,1986400,0.0,0
2010-06-02,23.252961985286408,23.540976936229207,22.78705468665793,23.52403450012207,1771900,0.0,0
2010-06-03,23.76968644971424,23.998404423501494,23.236012793263143,23.62567901611328,1481800,0.0,0
2010-06-04,22.947998259223468,23.337664487730834,22.448207842159363,22.515975952148438,1638200,0.0,0
2010-06-07,22.600691630983526,22.6430461034597,21.634995440194672,21.643465042114258,1153800,0.0,0
2010-06-08,21.643462180776574,21.736643946768684,21.304621598604367,21.702760696411133,1793000,0.0,0
2010-06-09,21.829827150852694,22.59221891489437,21.736645378722013,21.863710403442383,1675800,0.0,0
2010-06-10,22.38891110821397,22.456679218688343,21.87217825602241,22.355026245117188,1120300,0.0,0
2010-06-11,22.075489075802125,22.880237037968488,22.075489075802125,22.86329460144043,1916200,0.0,0
2010-06-14,23.066597096455006,23.37155446601269,22.74469890748154,22.79552459716797,1352600,0.0,0
2010-06-15,22.964940357242323,23.67650630965656,22.964940357242323,23.62567901611328,974300,0.0,0
2010-06-16,23.36307632844771,23.77815617200187,23.21059768883209,23.600265502929688,1282300,0.0,0
2010-06-17,23.72733252250551,23.79510063303881,23.015766554046255,23.710390090942383,1625400,0.0,0
2010-06-18,23.82051360871253,23.896751317158504,23.490142665423914,23.651092529296875,1147400,0.0,0
2010-06-21,24.04076526007008,24.337251421474935,23.490149026443692,23.642627716064453,1818200,0.0,0
2010-06-22,23.61720976640877,23.964523171654722,22.87176050530065,22.9056453704834,943700,0.0,0
2010-06-23,22.964942010457232,23.10894945442509,22.63457104151963,22.77010726928711,1468600,0.0,0
2010-06-24,22.56680697344335,22.56680697344335,21.79594393391972,21.846771240234375,1052600,0.0,0
2010-06-25,21.93995154443989,22.092430232922784,21.50792913231154,21.82135772705078,1943200,0.0,0
2010-06-28,21.829827780062583,22.355030328236758,21.457102296516087,21.99077606201172,1354500,0.0,0
2010-06-29,21.52487340353855,21.52487340353855,20.6947133795781,20.855663299560547,1204500,0.0,0
2010-06-30,20.830248060049374,21.11826300412879,20.389754426078554,20.42363929748535,1679600,0.0,0
2010-07-01,20.338924423765416,20.62693930679884,19.534176671339225,20.271156311035156,2215500,0.0,0
2010-07-02,20.288100767139543,20.51681716059696,20.03396910725881,20.313512802124023,1591200,0.0,0
2010-07-06,20.61846882052339,20.855658031334126,19.915374020166517,20.12714958190918,1705500,0.0,0
2010-07-07,20.12715136910386,21.304623079916748,20.025498379524585,21.279211044311523,1942700,0.0,0
2010-07-08,21.609579305871492,22.219492364378308,21.13520248258841,21.313093185424805,3021800,0.0,0
2010-07-09,21.279210071239742,21.346978189287157,20.88954218067758,21.28767967224121,1840900,0.0,0
2010-07-12,21.177554907410943,21.60110600555916,20.999664221733912,21.406272888183594,1345700,0.0,0
2010-07-13,21.65193555114067,21.838299101663566,21.279211681533887,21.719703674316406,1278000,0.0,0
2010-07-14,21.67735011729134,22.261851214153285,21.60111077353893,21.846771240234375,1214200,0.0,0
2010-07-15,21.86370523711223,22.092423196995178,21.448625392724143,21.81287956237793,864600,0.0,0
2010-07-16,21.70275793710901,21.753583614043,20.88106781212734,20.965778350830078,1086200,0.0,0
2010-07-19,21.101321360327315,21.431690790343914,20.79636396909989,21.3808650970459,817600,0.0,0
2010-07-20,20.999666247364676,21.372390086370267,20.576115108360653,21.313093185424805,918400,0.0,0
2010-07-21,21.482517076055824,21.550285202464977,20.84719028507518,20.89801597595215,678800,0.0,0
2010-07-22,21.28768128317629,21.804414232215947,21.270740464171983,21.719703674316406,869700,0.0,0
2010-07-23,21.59263907523644,22.092429599503124,21.423219571783715,22.007719039916992,811500,0.0,0
2010-07-26,21.999245381724307,22.948000635536058,21.939948481308452,22.939529418945312,1433200,0.0,0
2010-07-27,23.142829383271405,23.456257874841555,22.651510224172636,22.787046432495117,1688400,0.0,0
2010-07-28,22.956472102161914,23.075065904285314,22.075484955761308,22.126312255859375,1969900,0.0,0
2010-07-29,22.287256875660223,22.439735519544005,21.490982026496877,21.694286346435547,2386100,0.0,0
2010-07-30,21.414754523443584,21.490993887462285,20.889550195283654,21.304630279541016,2414900,0.0,0
2010-08-02,21.67735011729134,21.982307492300976,21.524871429786522,21.846771240234375,1108300,0.0,0
2010-08-03,21.70276185270392,21.95689189894293,21.48251505862771,21.91453742980957,916900,0.0,0
2010-08-04,22.092430766265537,22.338091240467374,21.9568945100575,22.1517276763916,1164400,0.0,0
2010-08-05,22.02465927138262,22.41432554448486,21.87218060252718,22.126312255859375,967100,0.0,0
2010-08-06,21.84676745686837,22.31267304069805,21.74511447756263,22.227962493896484,1036400,0.0,0
2010-08-09,22.338089127604317,22.422798067932373,22.160196798332564,22.31267547607422,518000,0.0,0
2010-08-10,22.04160344463266,22.19408212552421,21.5756961846063,21.787471771240234,1128400,0.0,0
2010-08-11,21.372390086370267,21.931477460598025,21.21991141781372,21.313093185424805,1908700,0.0,0
2010-08-12,21.042017161779345,21.042017161779345,20.482929881960207,20.677762985229492,1400100,0.0,0
2010-08-13,20.542232246310203,20.72012296650607,20.14409471845312,20.161035537719727,1236400,0.0,0
2010-08-16,20.059380756788183,20.44904700105737,19.915373315271474,20.271156311035156,1217000,0.0,0
2010-08-17,20.50834753152513,20.821776118262303,20.18644934295033,20.4998779296875,1970900,0.0,0
2010-08-18,20.499872953009145,21.12672835858458,20.34739430543582,20.872596740722656,1861100,0.0,0
2010-08-19,20.770941036632895,20.91494843854983,20.4321005661574,20.72011375427246,1164600,0.0,0
2010-08-20,20.618466122225826,20.72011747375658,20.33045126669019,20.474458694458008,1805700,0.0,0
2010-08-23,20.609993002476052,20.703174745867873,20.110202659096387,20.135616302490234,1174600,0.0,0
2010-08-24,19.83914001112627,20.017030755169365,19.568067477887407,19.703603744506836,1186200,0.0,0
2010-08-25,19.55111970328157,19.644301467039224,19.110626149160872,19.381698608398438,2520900,0.0,0
2010-08-26,19.517236198095556,19.788308653782558,19.339343889226406,19.364757537841797,1400800,0.0,0
2010-08-27,19.585004660878138,20.19491769703806,18.96661879264288,20.12714958190918,1632100,0.0,0
2010-08-30,20.084798925696912,20.24574884850064,19.635835647583008,19.635835647583008,880700,0.0,0
2010-08-31,19.551118330499747,19.847604417867807,19.296988321738095,19.398639678955078,1247700,0.0,0
2010-09-01,19.686659501583417,20.525290680266558,19.686659501583417,20.42363929748535,959100,0.0,0
2010-09-02,20.305042968825738,20.99119704311137,20.194920373043832,20.974254608154297,1171500,0.0,0
2010-09-03,21.26226809108537,21.575695037841797,21.152143887085987,21.575695037841797,1235200,0.0,0
2010-09-07,21.474046578191842,21.550285924922957,20.533762378987863,20.57611846923828,1419100,0.0,0
2010-09-08,20.53375761771851,20.694707491910535,20.364338143159927,20.516815185546875,1386200,0.0,0
2010-09-09,20.923427536373545,21.092847027590363,20.71165196056296,21.058963775634766,942400,0.0,0
2010-09-10,21.058965793790303,21.152145957387543,20.737065982906536,21.101320266723633,1173800,0.0,0
2010-09-13,21.406276062386297,21.7874711378132,21.38933362817547,21.6604061126709,853700,0.0,0
2010-09-14,21.558753902571333,22.007717081706613,21.516397818687274,21.76205825805664,1153600,0.0,0
2010-09-15,21.736645331344384,22.09242836921762,21.516398534973384,21.99924659729004,856000,0.0,0
2010-09-16,21.999244672044785,22.11784008477005,21.804411543900905,22.067012786865234,973300,0.0,0
2010-09-17,22.177143389929714,22.19408582745908,21.86371475851556,21.880657196044922,1070100,0.0,0
2010-09-20,22.024660617653385,22.575276809950825,21.973834930167946,22.49056625366211,919300,0.0,0
2010-09-21,22.49057185356187,22.49057185356187,22.1432599404489,22.270326614379883,881100,0.0,0
2010-09-22,22.12630873693909,22.405852380142925,21.77052577143247,21.872177124023438,805400,0.0,0
2010-09-23,21.63499246542472,22.321144842655347,21.558753132874724,22.1093692779541,1237400,0.0,0
2010-09-24,22.448208343015757,22.753165652630276,22.338085767721196,22.736223220825195,884500,0.0,0
2010-09-27,22.727752336857318,22.727752336857318,22.329614877938596,22.414323806762695,961800,0.0,0
2010-09-28,22.473622109064312,22.80399145240687,22.185607229738252,22.77857780456543,1209600,0.0,0
2010-09-29,22.787054432155532,23.159779943751516,22.736228740121412,22.897178649902344,1545500,0.0,0
2010-09-30,23.066599538404894,23.481679548845634,22.490569608578657,22.880237579345703,1551100,0.0,0
2010-10-01,23.151303105734275,23.193657569527744,22.515976454516846,22.736223220825195,1186100,0.0,0
2010-10-04,22.702339636742447,22.88023194928352,22.33808702671895,22.541391372680664,846500,0.0,0
2010-10-05,22.78704803669767,23.18518709042803,22.64304060325206,23.041179656982422,870800,0.0,0
2010-10-06,23.032708562685738,23.15130235001161,22.75316490990392,23.083534240722656,1381100,0.0,0
2010-10-07,23.185196171329373,23.286847566681548,22.702346388387248,23.202136993408203,1524600,0.0,0
2010-10-08,23.210611149526727,23.363089877570424,22.7277629212017,23.30379295349121,829300,0.0,0
2010-10-11,23.38850252706918,23.786640154200956,23.24449502521812,23.608749389648438,728500,0.0,0
2010-10-12,23.591800284667595,23.701922876982554,23.151306683968805,23.5494441986084,699600,0.0,0
2010-10-13,23.684975799314284,23.837454447796258,23.50708511989809,23.51555633544922,1245400,0.0,0
2010-10-14,23.515559764638297,23.642624784996322,23.202131206417075,23.40543556213379,1106200,0.0,0
2010-10-15,23.69345046999565,23.769689805354343,23.159776738204197,23.40543556213379,1663100,0.0,0
2010-10-18,23.47320350094703,23.634153387218305,23.295312796951972,23.56638526916504,820500,0.0,0
2010-10-19,23.227541674926577,23.5494397901193,22.947998022144755,23.083534240722656,880200,0.0,0
2010-10-20,23.20212782293415,23.574853228587948,23.20212782293415,23.51555633544922,1018700,0.0,0
2010-10-21,23.557921425157428,23.998415138220768,23.49862450526811,23.97300148010254,1888500,0.0,0
2010-10-22,24.023823442487224,24.44737462241418,23.879815976683275,24.396547317504883,950500,0.0,0
2010-10-25,24.540558222324506,24.989523117622255,24.455849267043963,24.65068244934082,1336100,0.0,0
2010-10-26,24.5151394794691,24.659146926081338,24.066174706920517,24.345718383789062,1820500,0.0,0
2010-10-27,24.26101194932914,24.693034362413933,24.210186258295515,24.59138298034668,2156400,0.0,0
2010-10-28,24.837039023650014,25.751909437354744,24.777742121532395,25.590959548950195,2676100,0.0,0
2010-10-29,25.6163737468643,25.624844963879188,25.125054470036883,25.226707458496094,2049600,0.0,0
2010-11-01,25.396123205621365,25.78579105223168,25.31141266368702,25.40459442138672,1575700,0.0,0
2010-11-02,25.590956826333038,25.7857915613446,25.472363034714967,25.624841690063477,1269600,0.0,0
2010-11-03,25.58249046815047,25.794266046146024,25.438483010484717,25.675670623779297,1363100,0.0,0
2010-11-04,25.99757183666111,26.387238146054134,25.870506806020753,26.268644332885742,1589900,0.0,0
2010-11-05,26.260172844366966,26.641369548073,26.234759192213396,26.632898330688477,918000,0.0,0
2010-11-08,26.59054237742038,26.59054237742038,26.116165511539197,26.294057846069336,1753100,0.0,0
2010-11-09,26.454999844001783,26.51429673618234,26.022977552190255,26.141572952270508,2055500,0.0,0
2010-11-10,26.15851617111039,26.48041592355471,25.81967560200001,26.3618221282959,1750300,0.0,0
2010-11-11,25.980632036706623,26.370298385620117,25.675674639664976,26.370298385620117,1860100,0.0,0
2010-11-12,26.251698667963502,26.590539246553742,25.912858089373263,26.150047302246094,1544000,0.0,0
2010-11-15,26.22629021413356,26.488893128317354,26.09075395584757,26.13311004638672,1114200,0.0,0
2010-11-16,25.870510539516363,25.92980745465798,25.269066937966212,25.30295181274414,1678400,0.0,0
2010-11-17,25.353771305736444,25.582489307366416,25.243647105372666,25.46389389038086,1113300,0.0,0
2010-11-18,25.777316201974106,26.565121384163703,25.777316201974106,26.421113967895508,1664000,0.0,0
2010-11-19,26.336403437904984,26.48041085417318,26.18392480706584,26.421113967895508,768500,0.0,0
2010-11-22,26.302530654503908,26.87856058401869,26.302530654503908,26.658313751220703,1414900,0.0,0
2010-11-23,26.27712020681585,26.30253224801537,25.878980993678763,25.989105224609375,1251300,0.0,0
2010-11-24,26.25170144779247,27.132687045415878,26.24323023046577,27.107275009155273,983100,0.0,0
2010-11-26,26.870086613731306,27.098804641565643,26.768435234062412,27.00562286376953,397400,0.0,0
2010-11-29,26.77689950228901,26.937847747614043,26.24322424251277,26.548181533813477,1392600,0.0,0
2010-11-30,26.175461571048103,26.175461571048103,25.836620963522847,25.963685989379883,1557800,0.0,0
2010-12-01,26.488891434251684,26.92938505336972,26.463477781553493,26.89550018310547,1214500,0.0,0
2010-12-02,26.870088179835076,27.522359046705443,26.82773370512436,27.437646865844727,1029900,0.0,0
2010-12-03,27.352936969548562,28.14074245136574,27.352936969548562,28.0560302734375,1058000,0.0,0
2010-12-06,28.039083713273,28.318629012156023,27.92048991305791,28.242389678955078,930700,0.0,0
2010-12-07,28.606641181789982,28.716765370668014,28.098377931810266,28.140735626220703,1204500,0.0,0
2010-12-08,28.183094730937682,28.386397479262744,27.886606978425164,28.106855392456055,1021800,0.0,0
2010-12-09,28.28473830114611,28.28473830114611,27.971311432282235,28.06449317932129,776700,0.0,0
2010-12-10,28.174623055268203,28.29322010000756,27.657893330379597,27.886608123779297,1266700,0.0,0
2010-12-13,27.996731283702882,28.056028188125723,27.640949857165854,27.835783004760742,1077100,0.0,0
2010-12-14,27.91202577696142,28.10685894852269,27.556241075220466,28.03908920288086,1709100,0.0,0
2010-12-15,28.005207830365602,28.27628035265672,27.471532388350244,27.496944427490234,1277400,0.0,0
2010-12-16,27.530830344844237,27.84425735473633,27.48000303319708,27.844257354736328,792500,0.0,0
2010-12-17,27.895077414235196,28.047556078095855,27.683301851255237,27.954374313354492,1264200,0.0,0
2010-12-20,28.15768868829044,28.29322495983409,27.725664601130315,27.878143310546875,1449200,0.0,0
2010-12-21,28.072975634122095,28.072975634122095,27.734136581420895,27.7341365814209,1005200,0.0,0
2010-12-22,27.691770743570235,27.768010073550318,27.25127719606736,27.581649780273438,1205000,0.0,0
2010-12-23,27.56470162377891,27.776477137363987,27.446107853201326,27.717180252075195,598300,0.0,0
2010-12-27,27.70024935557568,28.08144608501886,27.42070401017093,28.072973251342773,431600,0.0,0
2010-12-28,28.132262794763257,28.183090089192746,27.835778322520547,28.140735626220703,647200,0.0,0
2010-12-29,28.149212707041084,28.2678065274551,28.01367645064803,28.115327835083008,548800,0.0,0
2010-12-30,28.047553444950825,28.352510744042313,28.047553444950825,28.166147232055664,433100,0.0,0
2010-12-31,28.149212769965203,28.183097641999023,27.920494730895793,27.97979164123535,456100,0.0,0
2011-01-03,28.27627115141356,28.733703864279278,28.15767736543214,28.21697425842285,944400,0.0,0
2011-01-04,28.31016034434387,28.394872522272113,27.79343060045789,28.0560302734375,1087000,0.0,0
2011-01-05,27.971306085406784,28.04754538827988,27.649406447560665,27.784942626953125,1029800,0.0,0
2011-01-06,27.84425868666239,28.072976752856068,27.7002528105995,27.945913314819336,804400,0.0,0
2011-01-07,28.02215078530638,28.377932265605132,27.403763148986204,27.827314376831055,971300,0.0,0
2011-01-10,27.72566444807645,28.242397490308985,27.54777369855234,28.149215698242188,1035600,0.0,0
2011-01-11,28.24239568472245,28.37793194685283,27.97979276309011,28.19156837463379,809600,0.0,0
2011-01-12,28.47957504739914,28.623584101687477,28.19156017026092,28.31015396118164,1003500,0.0,0
2011-01-13,28.369456733455145,28.776065439429246,28.216978064785017,28.66594123840332,1452400,0.0,0
2011-01-14,28.665945813628433,28.9285487252372,28.555821595026142,28.767597198486328,1220200,0.0,0
2011-01-18,29.31820868420756,31.080179641470863,29.05560582970722,31.054767608642578,3898400,0.0,0
2011-01-19,31.080181738204576,31.080181738204576,29.724819371951085,29.945064544677734,1925600,0.0,0
2011-01-20,29.8772934907103,29.8772934907103,28.96242160927763,29.572336196899414,1330900,0.0,0
2011-01-21,30.046715247035763,30.207663497320024,29.309734026538045,29.631633758544922,1629400,0.0,0
2011-01-24,29.741767353460098,30.385563789663983,29.614700694166473,30.216142654418945,1429800,0.0,0
2011-01-25,30.07213478154753,30.173786163330075,29.775650238248783,30.173786163330078,1172100,0.0,0
2011-01-26,30.326267135003093,30.73287592418622,30.00436729844334,30.283912658691406,1639600,0.0,0
2011-01-27,30.4956850298578,30.94464824762576,29.377510170611473,29.85188865661621,2025100,0.0,0
2011-01-28,29.93661180842076,30.063678515594464,29.4876483775707,29.657066345214844,2239700,0.0,0
2011-01-31,29.775650238248783,30.394034593871286,29.665526022978177,30.173786163330078,1477700,0.0,0
2011-02-01,30.410980467731033,31.232667679820132,30.410980467731033,30.970067977905273,1351300,0.0,0
2011-02-02,30.800643036825264,31.44443942343661,30.504155265125476,31.283491134643555,2465800,0.0,0
2011-02-03,31.147940075566595,31.36818516770812,30.91922215405178,31.27500343322754,1641500,0.0,0
2011-02-04,31.249591407982866,31.334303544527756,31.003931059159076,31.27500343322754,1083700,0.0,0
2011-02-07,31.30890576020861,31.393617944028293,30.987009156012007,31.02936363220215,928000,0.0,0
2011-02-08,30.995480795598034,31.317380652388263,30.724408252439826,31.249610900878906,733400,0.0,0
2011-02-09,31.114072584582434,31.342790633736485,30.97853632191034,31.02936363220215,814200,0.0,0
2011-02-10,30.77522698268598,30.834523882998617,30.495681682836068,30.766754150390625,1124600,0.0,0
2011-02-11,30.71592941043967,31.01241716814739,30.49568422398846,30.826053619384766,869000,0.0,0
2011-02-14,30.885341632087265,31.11405958568706,30.800632715096846,31.020877838134766,1609200,0.0,0
2011-02-15,30.92770229933167,31.33431423053974,30.851462966159993,31.173362731933594,718400,0.0,0
2011-02-16,31.241136439550356,31.47832407007035,31.037830448076708,31.198781967163086,845000,0.0,0
2011-02-17,31.063227939021704,31.334303544527756,30.91922215405178,31.27500343322754,956500,0.0,0
2011-02-18,31.24113393898636,31.376670178640666,31.012415928674937,31.317373275756836,994600,0.0,0
2011-02-22,30.82605433620837,30.995475454346902,29.96200954199701,30.004364013671875,1106100,0.0,0
2011-02-23,29.902707323661055,30.190722203903935,28.75912063438288,28.826887130737305,1966100,0.0,0
2011-02-24,28.818427139895245,29.09796928165721,28.31016370628508,28.691360473632812,1470500,0.0,0
2011-02-25,28.937020715092274,29.22503568881938,28.937020715092274,29.21656608581543,1430100,0.0,0
2011-02-28,29.39444587934326,29.470685203729754,28.699822360016665,28.9793643951416,1019200,0.0,0
2011-03-01,29.123376811179593,29.19961614438054,27.835780979029618,28.242389678955078,2331200,0.0,0
2011-03-02,28.293218138523883,28.903129597704844,28.123797032080738,28.454166412353516,1995100,0.0,0
2011-03-03,28.793010704190593,29.868827860188645,28.67441365911011,29.85188865661621,1670500,0.0,0
2011-03-04,29.79258802621448,29.860357765140986,28.7930102285606,28.95395851135254,1415700,0.0,0
2011-03-07,29.19114624849878,29.19114624849878,28.089913838162747,28.25086212158203,1929200,0.0,0
2011-03-08,28.65746980888397,30.00435924379702,28.65746980888397,29.546926498413086,2293200,0.0,0
2011-03-09,29.157253044946735,29.496095181171448,28.67440510126129,28.801471710205078,1252800,0.0,0
2011-03-10,28.34404372349174,28.56429214307217,28.005204723932703,28.030616760253906,1513500,0.0,0
2011-03-11,27.903549412692072,28.27627650368622,27.776486002848642,28.106855392456055,993500,0.0,0
2011-03-14,27.623999863631955,27.988254023374807,27.454578798168622,27.700239181518555,902900,0.0,0
2011-03-15,26.751491263265077,27.42070125744929,26.471947561642907,27.183513641357422,1060700,0.0,0
2011-03-16,27.15810316471197,27.463057303718656,26.641370201616517,27.00562286376953,1859000,0.0,0
2011-03-17,27.640950390700937,27.74260176718235,27.107275009155273,27.107275009155273,671500,0.0,0
2011-03-18,27.479990714223256,27.615526919750153,27.02255642449973,27.132678985595703,1217200,0.0,0
2011-03-21,27.66636022816663,28.02214486473395,27.522354392216133,27.920490264892578,1098500,0.0,0
2011-03-22,27.886603868755216,27.912019133040953,27.34445895842508,27.581649780273438,749800,0.0,0
2011-03-23,27.53082558574002,27.75107076859281,27.191983362878418,27.65789222717285,1000500,0.0,0
2011-03-24,27.86966339675922,28.36098098754883,27.403754606219394,28.360980987548828,1430100,0.0,0
2011-03-25,28.386395935361833,28.76759260703716,28.132265898057863,28.66594123840332,1451700,0.0,0
2011-03-28,28.725238617754922,28.826889988081565,28.310157072476375,28.386396408081055,776200,0.0,0
2011-03-29,28.284749081112246,28.85230937873396,28.02214940094274,28.767597198486328,821200,0.0,0
2011-03-30,28.979369074795382,29.106435713104656,28.4795785856518,28.809947967529297,993800,0.0,0
2011-03-31,28.79300142608496,28.979361688281553,28.65746522110652,28.877710342407227,783400,0.0,0
2011-04-01,29.047144619005,29.22503536306076,28.32710557699343,28.49652671813965,1135400,0.0,0
2011-04-04,28.665941007350945,28.69135304144489,28.149208104515875,28.462635040283203,1015500,0.0,0
2011-04-05,28.46264187690698,28.776072119397842,28.29322396700213,28.67441749572754,1186400,0.0,0
2011-04-06,28.869242507776242,29.123372503712943,28.657466972589283,28.97089385986328,1642400,0.0,0
2011-04-07,28.99631159350731,29.82647146695739,28.99631159350731,29.419862747192383,1393500,0.0,0
2011-04-08,29.775648496750872,29.843415003496034,28.860776419898876,29.021724700927734,890700,0.0,0
2011-04-11,29.01325080207613,29.089490130521607,28.606642127513084,28.733705520629883,704000,0.0,0
2011-04-12,28.521927484856032,28.581227607542072,28.039079523873333,28.132261276245117,1006600,0.0,0
2011-04-13,28.327106447766297,28.4118186366632,27.861200718871903,28.149215698242188,861700,0.0,0
2011-04-14,27.810371032843243,28.11532515710133,27.513883278609384,28.013673782348633,819000,0.0,0
2011-04-15,28.03909021376573,28.284750703415092,27.75107524728289,28.208511352539062,477400,0.0,0
2011-04-18,27.657894635549425,27.759546018683867,27.361406856868417,27.691776275634766,956400,0.0,0
2011-04-19,27.844252895173998,28.21697999134452,27.793428823106357,28.0983829498291,1016000,0.0,0
2011-04-20,28.70829550315246,29.352095039973808,28.699825902258976,29.3436222076416,1207700,0.0,0
2011-04-21,29.538459235385254,29.597756143770415,29.157262516166977,29.521516799926758,873600,0.0,0
2011-04-25,29.60622628887425,29.78411699787665,29.352096242950978,29.419862747192383,705200,0.0,0
2011-04-26,29.631634614372015,30.182252337804854,29.572337718794746,30.16530990600586,885400,0.0,0
2011-04-27,30.563443583281085,31.190297292074465,30.351668070308587,30.682037353515625,2003900,0.0,0
2011-04-28,31.37667020848058,31.427494278749997,30.4109740960954,30.749813079833984,1771600,0.0,0
2011-04-29,30.9022903841679,31.164893250865816,30.546508982292064,30.766754150390625,1300000,0.0,0
2011-05-02,30.953122477775594,31.630803751624153,30.953122477775594,31.385143280029297,2071100,0.0,0
2011-05-03,31.359731690500617,31.495267947208376,30.80064422765121,31.04630470275879,1077500,0.0,0
2011-05-04,31.029357799057124,31.34278474167097,30.673573156776474,30.868406295776367,831800,0.0,0
2011-05-05,30.682047547086675,31.17336522006683,30.538038470073193,30.741344451904297,1006200,0.0,0
2011-05-06,31.275015442175647,31.4020820800651,30.732870485866467,30.842994689941406,793600,0.0,0
2011-05-09,30.885348486537858,31.291957194919895,30.63968804873243,31.2326602935791,534200,0.0,0
2011-05-10,31.385141972027153,31.757869080689552,31.232663287836,31.579975128173828,674000,0.0,0
2011-05-11,31.529147947094227,31.766335551820752,31.147951274184624,31.503732681274414,883500,0.0,0
2011-05-12,31.385138752592255,32.18988656295385,31.122539114541585,32.02893829345703,1074400,0.0,0
2011-05-13,32.045883348474426,32.14753472534441,31.469853493812835,31.52067756652832,1065900,0.0,0
2011-05-16,31.427492490689293,31.76633468658837,31.08018069404014,31.22418975830078,711800,0.0,0
2011-05-17,30.809111786016867,30.834527054077974,29.809530747321173,29.96200942993164,1520800,0.0,0
2011-05-18,30.12296641690316,31.65621989177923,30.046727061750676,31.452917098999023,1251400,0.0,0
2011-05-19,31.664689454495438,31.893407496318904,31.012420201466888,31.351259231567383,1094600,0.0,0
2011-05-20,31.25807647210193,31.25807647210193,30.792167617337306,30.927703857421875,759200,0.0,0
2011-05-23,30.283910670821964,30.377092451454764,29.741765654164794,29.809532165527344,1203100,0.0,0
2011-05-24,29.902710803878257,30.038247043799924,29.174202302509716,29.419862747192383,1007000,0.0,0
2011-05-25,29.250439166373724,29.61469338626114,29.05560603992394,29.538454055786133,738800,0.0,0
2011-05-26,29.4791528100233,29.911176696143542,29.428328751494877,29.7756404876709,662600,0.0,0
2011-05-27,29.99589575730961,30.122962409472557,29.79258976013674,30.106019973754883,506100,0.0,0
2011-05-31,30.51261575048543,30.690506402651895,30.224600928742564,30.66509437561035,1412900,0.0,0
2011-06-01,30.59733309966699,30.80063906638022,29.52151282856996,29.614694595336914,1251300,0.0,0
2011-06-02,29.580815140268005,29.648584885382604,28.445700992552233,28.564294815063477,2483200,0.0,0
2011-06-03,28.03061801431873,28.2000391373975,27.759545509968355,27.97132110595703,1855400,0.0,0
2011-06-06,27.9713229155177,28.123801613009046,27.30211121335449,27.319053649902344,1488600,0.0,0
2011-06-07,27.369880288977786,27.827313138805266,27.361407455191763,27.573183059692383,1169100,0.0,0
2011-06-08,27.43764521009627,27.496942117400806,26.675253401273096,26.82773208618164,1264200,0.0,0
2011-06-09,26.810790163887372,27.36140639103004,26.683725129272847,26.912443161010742,872400,0.0,0
2011-06-10,26.819262874393512,26.9124446589665,26.370298003665102,26.62442970275879,973400,0.0,0
2011-06-13,26.57359926098511,26.68372184657827,25.972155801411965,26.11616325378418,1579300,0.0,0
2011-06-14,26.488892732587935,26.980212065464517,26.29405956617748,26.700668334960938,1516200,0.0,0
2011-06-15,26.378766269286494,26.649838758736095,26.124636214357363,26.209346771240234,1680200,0.0,0
2011-06-16,26.2771187449434,26.28558996344523,25.497784415691882,25.599435806274414,1492100,0.0,0
2011-06-17,25.86203037840067,25.955210520381176,25.302943063640864,25.40459442138672,2398700,0.0,0
2011-06-20,25.379185948034998,25.489310159715952,25.20129522785434,25.387657165527344,1817300,0.0,0
2011-06-21,25.531659201244864,26.15851462087958,25.40459419732363,25.90438461303711,2664300,0.0,0
2011-06-22,25.794269778368673,26.21782099564422,25.667203120610274,25.878978729248047,1117800,0.0,0
2011-06-23,25.489310098380162,26.302527587054055,25.302948161155612,26.268644332885742,1396600,0.0,0
2011-06-24,26.268648118955397,26.277119337648305,25.51472742820399,25.54861068725586,1261100,0.0,0
2011-06-27,25.582486495388707,26.065334479720907,25.41306541301427,25.90438461303711,1393600,0.0,0
2011-06-28,26.06533966426503,26.107694135423593,25.794267171123423,25.955215454101562,2210200,0.0,0
2011-06-29,26.175463346870142,26.53124641283892,26.048398312392628,26.302528381347656,2405000,0.0,0
2011-06-30,26.370296085820517,27.251281711068987,26.327941613578403,27.00562286376953,1973500,0.0,0
2011-07-01,27.10727737607888,27.632479970437412,27.039509247267468,27.573183059692383,1276700,0.0,0
2011-07-05,27.640946467554265,27.674828100613173,27.04797426460318,27.242807388305664,939000,0.0,0
2011-07-06,27.251276412678415,27.361400604248047,26.844669357338773,27.361400604248047,1119200,0.0,0
2011-07-07,27.581652952743013,27.852725439087113,26.946324591259767,27.835783004760742,1835400,0.0,0
2011-07-08,27.361412777846443,27.505421897269585,26.912449443028226,27.285173416137695,1920700,0.0,0
2011-07-11,26.96326616863702,27.24280986325982,26.243228889845135,26.310997009277344,1460700,0.0,0
2011-07-12,26.099226719775828,26.141582812823668,25.413074169598204,25.777328491210938,2176200,0.0,0
2011-07-13,25.89592383905243,26.073816208846935,25.506257454477534,25.734973907470703,1234400,0.0,0
2011-07-14,25.853570008161366,26.0484032053391,25.252126362270257,25.3707218170166,862600,0.0,0
2011-07-15,25.574013610734745,25.574013610734745,25.048809582224223,25.2012882232666,945000,0.0,0
2011-07-18,25.031873829365303,25.108113170223838,24.006880760053132,24.379606246948242,3010000,0.0,0
2011-07-19,24.701502824072012,25.141996405799794,24.659148355556397,25.074228286743164,1292300,0.0,0
2011-07-20,25.108110447043586,25.17587856315455,24.879394064993658,25.040342330932617,853000,0.0,0
2011-07-21,25.09963836170812,25.404595681510642,24.794682657624875,25.277530670166016,943900,0.0,0
2011-07-22,25.294480017971555,25.616378242431892,25.201298230174213,25.353776931762695,592100,0.0,0
2011-07-25,25.023405215085127,25.37071706349213,24.92175221802279,24.99799156188965,688500,0.0,0
2011-07-26,25.06575718488761,25.345300879243556,24.718445371164144,25.1165828704834,1343300,0.0,0
2011-07-27,24.752326781756615,24.752326781756615,23.51555829136804,23.8289852142334,2647700,0.0,0
2011-07-28,23.820516949703045,24.913278056471874,23.72733518138314,24.828567504882812,3843500,0.0,0
2011-07-29,24.498196920979638,25.05728427184628,24.12547148182877,24.82009506225586,2802000,0.0,0
2011-08-01,25.20976269371485,25.277530807849057,24.345718026714227,24.73538589477539,2091100,0.0,0
2011-08-02,24.42195537077172,24.794680776054673,23.634150098211474,23.651092529296875,1055100,0.0,0
2011-08-03,23.60027447207231,23.939115124593012,23.007302118371324,23.896759033203125,1827000,0.0,0
2011-08-04,23.50708963075787,23.651097091322825,22.31267547607422,22.31267547607422,3061500,0.0,0
2011-08-05,22.719289672168237,22.744703329812488,21.177563320920406,22.202556610107422,2988700,0.0,0
2011-08-08,21.389335481012576,21.880654805650614,20.33892870474227,20.49140739440918,3441600,0.0,0
2011-08-09,20.559177910039416,21.60958480834961,20.0678585283182,21.60958480834961,3676600,0.0,0
2011-08-10,21.668875303742876,23.532500883979683,21.330034729805085,21.61804962158203,6049400,0.0,0
2011-08-11,21.762057344227372,23.93063866072726,21.762057344227372,23.66803741455078,4746200,0.0,0
2011-08-12,23.862870859714505,24.023820742398716,23.26989862817437,23.481674194335938,2027800,0.0,0
2011-08-15,23.701925980971556,24.24407264349212,23.693454762650333,24.2356014251709,1570800,0.0,0
2011-08-16,23.85440345655797,24.303368310251198,23.405438602864745,23.61721420288086,1273500,0.0,0
2011-08-17,23.744277160339053,24.006878411091073,22.99882625948775,23.142833709716797,1566800,0.0,0
2011-08-18,22.43126766470255,22.44821009783205,21.58416539685983,21.745115280151367,1972600,0.0,0
2011-08-19,21.37238699774025,21.872177398795348,20.965778350830078,20.965778350830078,2472300,0.0,0
2011-08-22,21.482514950494192,21.685819309605943,20.8641290405116,20.991195678710938,2252700,0.0,0
2011-08-23,21.160617146462695,21.88065449539124,21.016609676676985,21.846771240234375,1982400,0.0,0
2011-08-24,21.80441581789355,22.227967022473578,21.38086461331352,22.1517276763916,1498200,0.0,0
2011-08-25,22.219494974643084,22.465155439670006,21.39780625010528,21.5079288482666,1451500,0.0,0
2011-08-26,21.21991476327656,22.227967085433807,20.99119834010242,22.016191482543945,1660000,0.0,0
2011-08-29,22.46515563872032,23.07506877428157,22.422799550037162,23.015771865844727,1743700,0.0,0
2011-08-30,22.863293185383764,22.863293185383764,21.719704642083695,22.024662017822266,3643600,0.0,0
2011-08-31,22.227962493896484,22.59221671413972,21.98230368546316,22.227962493896484,1950600,0.0,0
2011-09-01,22.321151454909476,22.702346614862577,22.04160769132261,22.075490951538086,1542000,0.0,0
2011-09-02,21.567225092596377,21.795943115262943,20.991196850808766,21.135204315185547,1586400,0.0,0
2011-09-06,20.567637845365553,20.838710236125085,20.211854928563945,20.753999710083008,2193300,0.0,0
2011-09-07,21.177558766549314,22.278791176122073,21.177558766549314,22.261850357055664,2115400,0.0,0
2011-09-08,22.02465767325998,22.439737566292802,21.770527654086994,21.9399471282959,1621800,0.0,0
2011-09-09,21.685821953275337,21.965365683097463,20.796363456045206,21.050495147705078,1657000,0.0,0
2011-09-12,20.635411896647103,21.30462185244583,20.567643779405213,21.27073860168457,1488700,0.0,0
2011-09-13,21.40627590264538,21.939949650548368,21.28768047977404,21.75358772277832,1282800,0.0,0
2011-09-14,21.91453631691444,23.193659315841245,21.762057650626648,22.964942932128906,2134100,0.0,0
2011-09-15,23.32072817130304,23.913698844179756,23.168249490480036,23.659568786621094,2052100,0.0,0
2011-09-16,23.79510242942848,24.14241422409653,23.456261851181512,23.66803741455078,1945900,0.0,0
2011-09-19,23.1682477983994,23.70192152658382,22.914116143681603,23.49861717224121,1320500,0.0,0
2011-09-20,23.574855981560724,23.77816033137133,22.964942932128906,22.964942932128906,1467400,0.0,0
2011-09-21,23.591797467811645,23.76968816086173,22.77010726928711,22.77010726928711,2150600,0.0,0
2011-09-22,22.100899175695538,22.329617184876334,21.236854440381034,21.575695037841797,1872400,0.0,0
2011-09-23,21.28767903446921,22.397384155863346,21.202970101237334,22.17713737487793,1579200,0.0,0
2011-09-26,22.4227994652975,23.30378671794281,21.660407644797257,23.21907615661621,2572100,0.0,0
2011-09-27,23.795102783164356,24.405015833075804,23.244486633362712,23.34613800048828,2237100,0.0,0
2011-09-28,23.45626685206271,23.812049939004883,22.87176572014635,23.066598892211914,2354800,0.0,0
2011-09-29,23.710388967685923,23.820513151910014,22.465149389733835,23.02423667907715,1831300,0.0,0
2011-09-30,22.575272368106813,22.80399034036863,22.083953177166148,22.092424392700195,1493800,0.0,0
2011-10-03,21.94841729425255,21.94841729425255,20.796357815586994,20.98272132873535,1963400,0.0,0
2011-10-04,20.677773741990325,22.16867446899414,20.677773741990325,22.16867446899414,2408500,0.0,0
2011-10-05,22.227966929197468,23.388497935793396,21.90606872598407,23.27837371826172,1732400,0.0,0
2011-10-06,23.27836953777728,23.718863097357996,23.049651541565833,23.66803741455078,1487900,0.0,0
2011-10-07,23.82052437855282,24.294901353387246,23.659574441910465,23.97300148010254,1672400,0.0,0
2011-10-10,24.599847053454194,25.03186772534498,24.489722869859197,25.01492691040039,1208200,0.0,0
2011-10-11,24.54901614480945,25.108103348592106,23.744270195470836,24.176292419433594,2679400,0.0,0
2011-10-12,24.37960285790019,25.17587779394529,24.37960285790019,24.870922088623047,1419900,0.0,0
2011-10-13,24.633732981457467,25.141994646680136,24.311834842390713,24.98104476928711,1466100,0.0,0
2011-10-14,25.32835621939371,25.929799639674812,25.260588105982247,25.81967544555664,1539700,0.0,0
2011-10-17,25.5655498119003,25.70108606198474,24.693033788227122,24.95563507080078,1328800,0.0,0
2011-10-18,24.896331765701564,25.26058595009531,23.922164612658204,25.03186798095703,2334500,0.0,0
2011-10-19,24.870926473890187,24.972577855014446,24.108533036860376,24.142417907714844,1190200,0.0,0
2011-10-20,24.125465134930533,24.345711853953834,23.524023476447532,24.176292419433594,1449800,0.0,0
2011-10-21,24.54055228295855,25.51472119011154,24.421958481692354,25.46389389038086,1630400,0.0,0
2011-10-24,25.582489610578698,25.963684668760678,25.463894192187507,25.845090866088867,1422700,0.0,0
2011-10-25,25.794270077546752,25.81968211681744,24.989522109101372,25.023406982421875,2394900,0.0,0
2011-10-26,25.67566960656754,26.395706866370062,25.506250120314775,25.93827247619629,3718000,0.0,0
2011-10-27,26.8616147704102,27.53082640313957,26.599013494043252,26.878557205200195,2202400,0.0,0
2011-10-28,27.488472181616107,27.615535596536937,25.91286127766103,26.268644332885742,2054300,0.0,0
2011-10-31,25.760381178121406,26.46347603243786,25.675670623779297,25.675670623779297,1540300,0.0,0
2011-11-01,24.88786438508301,25.362242827289997,24.57443744490561,24.89633560180664,2050500,0.0,0
2011-11-02,25.319892634413346,25.718031834455207,25.06576253645792,25.30295181274414,1645000,0.0,0
2011-11-03,25.67566837129584,26.666778053995404,25.226705219392496,26.514299392700195,2269400,0.0,0
2011-11-04,26.243233302222052,26.51430582552738,25.82815329894581,26.192407608032227,1161200,0.0,0
2011-11-07,26.090751421880714,26.183933196297268,25.311417204566382,26.00604248046875,1034300,0.0,0
2011-11-08,26.251698151424723,26.632894804662744,25.853560681380014,26.514299392700195,1335000,0.0,0
2011-11-09,25.777318780581247,25.972151888046092,24.86244851974726,25.03186798095703,1220900,0.0,0
2011-11-10,25.413067501401052,25.54860373215098,24.93869069377631,25.091169357299805,854500,0.0,0
2011-11-11,25.506255114550672,26.344886340509714,25.379188455331676,26.1246395111084,885000,0.0,0
2011-11-14,25.929801598557283,26.166989205556252,25.430011118496044,25.684141159057617,796500,0.0,0
2011-11-15,25.472366475035912,26.47194747001894,25.472366475035912,26.26017189025879,1067600,0.0,0
2011-11-16,25.81120987141573,26.268645948722238,25.54860857650993,25.709558486938477,867900,0.0,0
2011-11-17,25.565547599211815,25.701083837565644,24.7862134208176,24.938692092895508,1323800,0.0,0
2011-11-18,25.19281984302399,25.30294403648846,24.684558187595464,24.693029403686523,1008700,0.0,0
2011-11-21,24.032294768494147,24.33725052072936,23.65956927607385,24.12547492980957,1145700,0.0,0
2011-11-22,24.108535663392676,24.345724938056094,23.701926863158025,23.82052230834961,1063900,0.0,0
2011-11-23,23.447793080328633,23.557915673849763,22.812466323957242,22.871763229370117,1129400,0.0,0
2011-11-25,22.77858199542081,23.439322419389693,22.685401834297167,22.88870620727539,528500,0.0,0
2011-11-28,23.71887008558008,24.049239544741752,23.540979335483733,23.854406356811523,1127200,0.0,0
2011-11-29,23.888284293426466,24.133943107779725,23.625681430441418,23.778160095214844,870500,0.0,0
2011-11-30,24.743862725140236,25.277538193634914,24.642211332097283,25.235183715820312,1204500,0.0,0
2011-12-01,25.243648535960062,25.4638953334499,24.803156556699836,24.86245346069336,1151100,0.0,0
2011-12-02,25.209765630682835,25.58249110970359,24.921750708128542,25.421541213989258,1373600,0.0,0
2011-12-05,26.090752618087958,26.641370456827385,25.836622550761735,26.395709991455078,2071000,0.0,0
2011-12-06,26.37876569789425,26.480418687095682,25.972156972527426,26.26017189025879,1028500,0.0,0
2011-12-07,25.997572792867764,26.68372527613841,25.72650028667292,26.5736026763916,1292700,0.0,0
2011-12-08,26.28558893840448,26.514305366155938,25.531666678338915,25.72650146484375,1154900,0.0,0
2011-12-09,25.650259433092216,26.15004994287638,25.387656544412746,26.00604248046875,1313800,0.0,0
2011-12-12,25.59096123128688,25.658730970412915,25.201294925629238,25.50625228881836,1201200,0.0,0
2011-12-13,25.768849314153204,26.022979331075806,24.659145870536282,24.81162452697754,1704400,0.0,0
2011-12-14,24.93023080726319,24.93023080726319,23.964534320366567,23.989946365356445,1978900,0.0,0
2011-12-15,24.294898809301245,24.701507602294807,24.18477458470733,24.388080596923828,2358900,0.0,0
2011-12-16,24.599846689585263,24.78620857697215,24.481251292412615,24.633729934692383,1905600,0.0,0
2011-12-19,24.726919117575406,24.845512934670676,24.133946800659903,24.184772491455078,935900,0.0,0
2011-12-20,24.71844692740072,25.72649918021253,24.63373636892822,25.616374969482422,809400,0.0,0
2011-12-21,25.47236630947763,25.616373767407328,24.92175012882387,25.54013442993164,1147700,0.0,0
2011-12-22,25.557075325433544,26.378763938437512,25.53166167589841,26.166988372802734,762500,0.0,0
2011-12-23,26.243231645711997,26.624428367373238,26.15005148153226,26.5736026763916,637200,0.0,0
2011-12-27,26.53124465850703,26.861614049447386,26.336411510809874,26.641368865966797,545000,0.0,0
2011-12-28,26.565127370905145,26.565127370905145,25.921329459896857,26.056865692138672,748300,0.0,0
2011-12-29,26.124634769256787,26.785375137530536,26.022981783476443,26.497360229492188,787000,0.0,0
2011-12-30,26.480423730801512,26.556663083293973,26.285590548085114,26.336416244506836,766000,0.0,0
2012-01-03,26.92938539484754,27.073391248138055,26.17546317910322,26.395709991455078,1421200,0.0,0
2012-01-04,26.395712510167332,26.599016906571787,26.048400631011422,26.277118682861328,777500,0.0,0
2012-01-05,26.141583021077224,26.683728090650597,25.58249551414974,26.649843215942383,1493200,0.0,0
2012-01-06,26.565124992531786,27.081856225796052,25.86203024483063,26.920907974243164,1230700,0.0,0
2012-01-09,26.870087072326182,27.14963079476597,26.743022037711654,26.912443161010742,1014400,0.0,0
2012-01-10,27.30210428545692,27.3783436148569,26.91243803805195,27.242807388305664,939500,0.0,0
2012-01-11,27.22586417028017,27.56470634259805,26.98867658852072,27.141155242919922,1191400,0.0,0
2012-01-12,27.29363869878558,27.361405206307495,26.802317785635864,27.08186149597168,986200,0.0,0
2012-01-13,26.73454984749738,26.92938461692003,26.404180446372983,26.607484817504883,886100,0.0,0
2012-01-17,26.76842897287189,27.039501409543945,26.45500045814535,26.539710998535156,1045500,0.0,0
2012-01-18,26.649841163884464,28.886191019393753,26.61595790750504,28.767597198486328,2710600,0.0,0
2012-01-19,28.742174137428787,28.99630411783361,28.411804839758712,28.877710342407227,1292900,0.0,0
2012-01-20,28.809942547201683,29.13184226730086,28.657467133931792,28.742176055908203,974900,0.0,0
2012-01-23,28.513462339909818,28.793007640698125,28.047556736701363,28.462635040283203,1242500,0.0,0
2012-01-24,28.293215156333964,28.632054102066782,28.23391826004476,28.420278549194336,1019000,0.0,0
2012-01-25,28.301691728354434,28.699830899891143,27.844255645921535,28.6574764251709,997400,0.0,0
2012-01-26,28.928543874930376,28.953955909024327,27.95437496977193,28.462635040283203,1766700,0.0,0
2012-01-27,28.42875335573232,29.792585296561796,28.38639565706464,29.614694595336914,1918600,0.0,0
2012-01-30,29.275860959994027,29.563875913640196,28.71677348896786,29.48763656616211,1011400,0.0,0
2012-01-31,29.767172047211158,30.15683830011072,29.360563361823974,29.538454055786133,1391700,0.0,0
2012-02-01,29.74175865882411,30.334730843113956,29.64857690010791,30.25849151611328,1265000,0.0,0
2012-02-02,30.25002752775583,30.4279182656154,29.95354296465655,30.216142654418945,928000,0.0,0
2012-02-03,30.597325209463897,30.978521779101968,30.444846581608665,30.682037353515625,1199200,0.0,0
2012-02-06,30.529575452128633,30.71593580826932,30.334742261221756,30.571929931640625,995000,0.0,0
2012-02-07,30.495687659512594,30.495687659512594,30.089078878491815,30.40250587463379,1247700,0.0,0
2012-02-08,30.60579749155486,31.012406081408702,30.444846036457545,30.66509437561035,925000,0.0,0
2012-02-09,30.766754652724735,31.020884691276517,30.614275983305912,30.919233322143555,942700,0.0,0
2012-02-10,30.427910310504217,30.800637356884945,30.139898656756973,30.2669620513916,994800,0.0,0
2012-02-13,30.63968622939219,30.78369528941075,30.09754131707459,30.512622833251953,1305000,0.0,0
2012-02-14,30.385557835328054,30.59733340502509,30.004361163585635,30.444854736328125,949000,0.0,0
2012-02-15,30.605811705461342,31.18184161646604,30.334739186334343,30.49568748474121,1221800,0.0,0
2012-02-16,30.470269648827426,30.826051050703263,30.173781915825515,30.766754150390625,1110600,0.0,0
2012-02-17,30.91922837217581,30.9954676946798,30.1398959478579,30.300844192504883,1163000,0.0,0
2012-02-21,30.39403522962396,30.817586432589692,30.300853447941222,30.351680755615234,1154900,0.0,0
2012-02-22,30.233076401763398,30.597330606845716,29.97047678747506,30.16530990600586,956300,0.0,0
2012-02-23,30.16531212415066,30.563451222107325,29.851885191418123,30.5465087890625,794400,0.0,0
2012-02-24,30.69899515582246,30.800646548151814,30.394037747394897,30.724407196044922,861600,0.0,0
2012-02-27,30.385562084498485,30.40250452021616,29.818005029432847,30.106019973754883,948800,0.0,0
2012-02-28,30.106020193467984,30.351680666008264,29.868829323128754,30.19072914123535,764500,0.0,0
2012-02-29,30.25003447624733,30.690528236490945,30.122971019206364,30.275449752807617,1864600,0.0,0
2012-03-01,30.39403337841812,30.724402779579343,30.317794037270218,30.529569625854492,1045500,0.0,0
2012-03-02,30.427910739938607,30.783695359101596,30.1060142171704,30.24155044555664,701200,0.0,0
2012-03-05,30.156846749815166,30.156846749815166,29.428341337357587,29.597759246826172,918200,0.0,0
2012-03-06,29.21656249745296,29.343625915543463,28.79301130760634,28.987844467163086,1151100,0.0,0
2012-03-07,29.18267556142176,29.521514550455475,28.98784241565362,29.394451141357422,700900,0.0,0
2012-03-08,29.6485800368844,30.122958480792512,29.58081030285234,29.945064544677734,764300,0.0,0
2012-03-09,30.080600348800772,30.35167604959269,29.91965207994692,30.089073181152344,648100,0.0,0
2012-03-12,30.12295851990673,30.15684015552798,29.657049676428265,29.928125381469727,609900,0.0,0
2012-03-13,30.122956581453497,30.529565265691698,30.05518685169451,30.512622833251953,757300,0.0,0
2012-03-14,30.5380349006054,30.77522572359057,30.207665546254482,30.377086639404297,540200,0.0,0
2012-03-15,30.453330119724534,30.76675708432833,30.233081699184233,30.622751235961914,811500,0.0,0
2012-03-16,30.538040935511575,30.741346933756255,30.241556387487265,30.326265335083008,1305200,0.0,0
2012-03-19,30.427914752157772,30.817584287658722,30.26696646955106,30.46179962158203,1063000,0.0,0
2012-03-20,30.28391576844319,31.114075868868305,30.233088452786237,31.01242446899414,1273300,0.0,0
2012-03-21,31.071711991562378,31.164893759700412,30.766754652724735,30.919233322143555,814600,0.0,0
2012-03-22,30.648163438431443,30.800642120727243,30.258497130981745,30.529569625854492,785300,0.0,0
2012-03-23,30.614278302552183,30.614278302552183,30.07213331752009,30.46179962158203,898800,0.0,0
2012-03-26,30.749815511828523,31.241136439550356,30.631221696568524,31.198781967163086,791000,0.0,0
2012-03-27,31.21571189344388,31.368190533871648,31.02935162403962,31.147945404052734,877800,0.0,0
2012-03-28,31.19878088367429,31.19878088367429,30.529569256303215,30.732872009277344,651600,0.0,0
2012-03-29,30.436384782523426,30.809108617551267,30.34320301590679,30.766754150390625,953600,0.0,0
2012-03-30,30.94464742989226,31.114068544091104,30.605808432933554,30.826053619384766,789700,0.0,0
2012-04-02,30.783691830500032,31.08864911727278,30.36861036096197,30.75827980041504,883900,0.0,0
2012-04-03,30.749820474202764,30.910772019263334,30.13143602952488,30.487220764160156,1147000,0.0,0
2012-04-04,30.139906536570027,30.275442798478185,29.834949139416835,30.216142654418945,977400,0.0,0
2012-04-05,30.13143406002527,30.47874593725073,29.809534222384297,29.834949493408203,980700,0.0,0
2012-04-09,29.301270074579865,29.60622743405925,29.165733829415583,29.318212509155273,673500,0.0,0
2012-04-10,29.241976022271036,29.53846057766966,28.953961069266956,29.01325798034668,1052300,0.0,0
2012-04-11,29.39444582088754,29.64857582452437,29.208082310215982,29.50457000732422,703700,0.0,0
2012-04-12,29.36056971883122,30.089078316339183,29.36056971883122,29.894245147705078,578200,0.0,0
2012-04-13,29.86036051394058,30.0382512478399,29.546933521150454,29.66552734375,663900,0.0,0
2012-04-16,29.834941016267223,29.90270751305085,29.12337502712741,29.301265716552734,894800,0.0,0
2012-04-17,29.54693119556861,30.148373095093298,29.521515927412448,30.004364013671875,568900,0.0,0
2012-04-18,29.75022878927349,30.30931612009825,29.716347156676907,30.156837463378906,1060600,0.0,0
2012-04-19,30.190729701835398,30.495687089763315,29.589287759777157,29.894245147705078,1026600,0.0,0
2012-04-20,30.122963188651017,30.216141740349627,29.85189067303493,29.894245147705078,797300,0.0,0
2012-04-23,29.402918487174258,29.74176068165372,29.17420049061642,29.71634864807129,1387900,0.0,0
2012-04-24,29.707881884193483,29.84341814338283,29.369039620500466,29.529991149902344,1178200,0.0,0
2012-04-25,29.90271148755224,30.00436286195786,29.597754132896444,29.792587280273438,2059200,0.0,0
2012-04-26,29.851890491403672,31.14795615077224,29.826475221604795,30.910768508911133,2340800,0.0,0
2012-04-27,31.131013651411415,31.215722600064044,30.79217139392239,31.04630470275879,1727000,0.0,0
2012-04-30,31.037823101019725,31.037823101019725,30.427908502412624,30.563447952270508,1124900,0.0,0
2012-05-01,30.546516234993415,30.927709761385202,30.25850126590307,30.343210220336914,1106400,0.0,0
2012-05-02,30.19072404257007,30.47026933958286,30.038245377188307,30.385557174682617,973800,0.0,0
2012-05-03,30.43639609670558,30.588874820316075,29.7332994010083,29.75871467590332,1583300,0.0,0
2012-05-04,29.57233911239078,29.8010571052979,28.962424464638453,29.428333282470703,1426600,0.0,0
2012-05-07,29.352098085794914,29.419864594290974,28.793010657086395,28.928546905517578,1208000,0.0,0
2012-05-08,28.776066760352208,28.877718133652202,28.293218697878615,28.784536361694336,842800,0.0,0
2012-05-09,28.445703207066103,28.818427139895245,28.030621564523116,28.691360473632812,880900,0.0,0
2012-05-10,28.94548101551522,28.94548101551522,28.31015435689789,28.420278549194336,933100,0.0,0
2012-05-11,28.250862832167485,28.733710926009287,28.08991454469992,28.174623489379883,836300,0.0,0
2012-05-14,27.912025128606967,28.31863389869505,27.691776691826387,27.97979164123535,799000,0.0,0
2012-05-15,28.03908609566019,28.26780411469642,27.8273105111569,27.962846755981445,918900,0.0,0
2012-05-16,28.132266255182323,28.132266255182323,27.01409149169922,27.01409149169922,1209800,0.0,0
2012-05-17,27.073392636280815,27.098806290604305,26.133110046386722,26.13311004638672,1371200,0.0,0
2012-05-18,26.175461117106355,26.192403551118662,25.6079025034495,25.675670623779297,991600,0.0,0
2012-05-21,25.768855181537344,26.2517032930629,25.56555079856446,26.183935165405273,863800,0.0,0
2012-05-22,26.260175086564878,26.353356870031366,25.921334440849908,26.13311004638672,1188700,0.0,0
2012-05-23,25.82814393160777,26.039919465598373,25.45541853938296,25.92132568359375,815000,0.0,0
2012-05-24,25.972150802612305,26.04839012247219,25.692607168365758,25.972150802612305,1039200,0.0,0
2012-05-25,25.97216051407896,26.192407340948606,25.83662425380836,25.878978729248047,663800,0.0,0
2012-05-29,26.158520743756256,26.497362987817308,26.073811798460557,26.395709991455078,917800,0.0,0
2012-05-30,26.2686387831482,26.344878108569347,25.95521026578136,26.039920806884766,1454500,0.0,0
2012-05-31,26.048398518386083,26.05686973618085,25.51472472307235,25.82815170288086,1164500,0.0,0
2012-06-01,25.328359567060847,25.455424594536705,25.040344643065172,25.082700729370117,836600,0.0,0
2012-06-04,25.116584367117163,25.336831172115403,24.438903133060652,24.760801315307617,1096300,0.0,0
2012-06-05,24.625262779401098,25.226706232472328,24.599850745310903,25.21823501586914,678200,0.0,0
2012-06-06,25.42154227149805,26.02298417756228,25.32836049393673,25.83662223815918,559900,0.0,0
2012-06-07,26.175467606683934,26.260178182027992,25.709561865871372,25.734973907470703,988000,0.0,0
2012-06-08,25.667200251942916,26.04839695117473,25.523192789535283,26.00604248046875,849700,0.0,0
2012-06-11,26.175462278387347,26.40418030054234,25.557077950978222,25.574020385742188,607300,0.0,0
2012-06-12,25.72649709421159,26.28558447278989,25.675669793817647,26.158517837524414,1044400,0.0,0
2012-06-13,26.124636570174818,26.22628794724317,25.853564077033212,25.955215454101562,1218000,0.0,0
2012-06-14,25.963680803272382,26.116159450131814,25.692608371397455,26.048391342163086,1314900,0.0,0
2012-06-15,26.056859819939543,26.615947055870425,26.048388605368594,26.421113967895508,1287600,0.0,0
2012-06-18,26.23476344533549,26.74302526076865,26.158524092234526,26.717613220214844,722500,0.0,0
2012-06-19,26.632900757870907,27.132689703349886,26.632900757870907,26.96327018737793,1029200,0.0,0
2012-06-20,27.022561544076574,27.43764145410681,26.93785099564362,27.369874954223633,1075600,0.0,0
2012-06-21,27.3444565032642,27.369871765267995,25.76884759515571,25.870500564575195,1124100,0.0,0
2012-06-22,25.97215187542394,26.319463628812183,25.97215187542394,26.141572952270508,1184800,0.0,0
2012-06-25,25.82815378613344,25.89592191823806,25.362248079879155,25.48931312561035,1334800,0.0,0
2012-06-26,25.48930817838267,25.878974458423848,25.33682950681198,25.590959548950195,1279700,0.0,0
2012-06-27,25.692610860062594,25.912857636224533,25.54013219843361,25.79426383972168,1065600,0.0,0
2012-06-28,25.70108508530976,25.87897580089067,24.972576557000522,25.328359603881836,1718000,0.0,0
2012-06-29,25.819673229405858,26.2347530903889,25.70955066045898,26.141572952270508,1433000,0.0,0
2012-07-02,26.353352328981053,26.819257934592148,25.921329974243076,26.590539932250977,1078200,0.0,0
2012-07-03,26.624423152700768,27.44611334385178,26.573597471673875,27.242807388305664,503500,0.0,0
2012-07-05,27.141162913308893,27.556241298693617,27.047981128015362,27.319053649902344,859700,0.0,0
2012-07-06,26.988685175024298,27.22587283224547,26.488894589137203,26.7684383392334,668700,0.0,0
2012-07-09,26.607488992082445,26.819264613869613,26.387242151537414,26.717613220214844,491900,0.0,0
2012-07-10,26.79384703254464,27.056449928410068,26.048397663971958,26.24323081970215,1079900,0.0,0
2012-07-11,26.217818950255904,26.336412764810643,25.574020956336742,25.83662223815918,1136800,0.0,0
2012-07-12,25.60790702393034,25.701088811727683,25.116587660878423,25.353776931762695,1120800,0.0,0
2012-07-13,25.362241047753294,25.590957420365935,25.336827399365546,25.438480377197266,859400,0.0,0
2012-07-16,25.319888386608532,25.42154137816869,25.091171983107284,25.328359603881836,601700,0.0,0
2012-07-17,25.430012787144147,25.56554903309976,24.938693491625177,25.167409896850586,739500,0.0,0
2012-07-18,25.158939772353985,26.19240403021689,25.116583686548456,25.895917892456055,1006700,0.0,0
2012-07-19,26.014516039310355,26.61595963228656,25.955219125014054,26.22629165649414,980400,0.0,0
2012-07-20,25.98062951017578,26.260173225039356,25.887447733314747,25.99757194519043,704600,0.0,0
2012-07-23,25.421542892448233,25.768854742744495,24.98952048009249,25.65026092529297,441900,0.0,0
2012-07-24,25.650263116438097,25.709560030229234,25.014936270299252,25.353776931762695,717500,0.0,0
2012-07-25,25.32836108347918,25.88744853042132,25.21823848393222,25.718029022216797,708300,0.0,0
2012-07-26,26.11616700717252,26.565131862203447,25.92133384234989,26.2517032623291,876900,0.0,0
2012-07-27,26.49736248746547,27.319051197642505,26.39570949302276,26.98868179321289,1226300,0.0,0
2012-07-30,26.9039719141046,27.293639850982192,26.85314622345781,26.98021125793457,1125000,0.0,0
2012-07-31,26.870087301699858,27.17504629567321,26.675254139246437,26.683725357055664,960500,0.0,0
2012-08-01,26.60748624355159,27.183516133824455,26.378768207875083,26.455007553100586,832700,0.0,0
2012-08-02,26.073812533330944,26.632899989781738,25.92133384234989,26.2517032623291,1188800,0.0,0
2012-08-03,26.751492549992935,27.107275606963107,26.734550114965895,26.98868179321289,833400,0.0,0
2012-08-06,27.031036102463236,27.59012352923625,27.031036102463236,27.39529037475586,647600,0.0,0
2012-08-07,27.547765810810684,27.945904906028126,27.522353777137624,27.725656509399414,1562300,0.0,0
2012-08-08,25.7264964242291,26.22628527266538,24.735386712429577,26.166988372802734,2559400,0.0,0
2012-08-09,26.25170119107343,27.59012281693308,26.183933068842034,27.471529006958008,1536700,0.0,0
2012-08-10,27.378344634453445,27.624005064050728,26.95479350677757,27.547765731811523,902900,0.0,0
2012-08-13,27.446118555976707,27.62400928121261,27.047979401119928,27.539297103881836,883400,0.0,0
2012-08-14,27.700247253048197,27.852725933251904,27.4884716673696,27.556238174438477,845800,0.0,0
2012-08-15,27.48000481327328,27.945913788287097,27.48000481327328,27.801904678344727,475500,0.0,0
2012-08-16,27.734125468072325,28.27627032030285,27.683298176386383,28.132261276245117,596400,0.0,0
2012-08-17,28.183095877643485,28.352516995767008,28.115326137818453,28.318632125854492,552500,0.0,0
2012-08-20,28.30168747138199,28.428754107869388,28.1661512338002,28.386396408081055,761700,0.0,0
2012-08-21,28.386396929886363,28.657472641471713,27.97131860841655,28.08991241455078,815700,0.0,0
2012-08-22,28.072974303365477,28.10685917646119,27.285168776806632,27.319053649902344,1137600,0.0,0
2012-08-23,27.34445790371864,27.64094561173358,27.04797342714214,27.412227630615234,812100,0.0,0
2012-08-24,27.41223264388086,27.62400823200548,27.28516599843048,27.48847198486328,558600,0.0,0
2012-08-27,27.607061603056824,27.63247363571064,27.225864956056945,27.242807388305664,528800,0.0,0
2012-08-28,27.17504263621887,27.47999674196762,27.132684937157137,27.33599090576172,782600,0.0,0
2012-08-29,27.42070041374386,27.768012225808647,27.31904904303775,27.66636085510254,707800,0.0,0
2012-08-30,27.46305594198423,27.530825679362582,26.878556498571164,26.954795837402344,571600,0.0,0
2012-08-31,27.251288537280498,27.480006622406734,26.929391882456827,27.285173416137695,641200,0.0,0
2012-09-04,27.191978772347355,27.276690929481173,26.59900821388336,27.05644416809082,1068000,0.0,0
2012-09-05,27.132681878072876,27.225863635200884,26.87855186954819,27.05644416809082,792400,0.0,0
2012-09-06,27.24279790938329,28.098369435903667,27.166558606510197,27.784942626953125,938100,0.0,0
2012-09-07,27.708713649286036,28.02214380646869,27.573177419388184,27.751068115234375,507700,0.0,0
2012-09-10,27.71719221552616,27.954379859057592,27.429177263478298,27.437646865844727,505900,0.0,0
2012-09-11,27.429176161191346,27.768015176699542,27.395291290208778,27.522357940673828,446100,0.0,0
2012-09-12,27.547759194919553,27.9035405066523,27.547759194919553,27.717180252075195,775600,0.0,0
2012-09-13,27.624011597071604,28.098386904136607,27.302111759106477,27.827314376831055,581100,0.0,0
2012-09-14,27.87813126174667,28.360979222401237,27.861188831196202,28.267797470092773,869900,0.0,0
2012-09-17,28.200035095542727,28.20850469633512,27.598593264683743,27.632474899291992,624400,0.0,0
2012-09-18,27.225868514869408,27.327519890210493,26.751491659932224,26.793846130371094,1298500,0.0,0
2012-09-19,26.743022591201605,26.743022591201605,26.133109442996997,26.2517032623291,1249800,0.0,0
2012-09-20,26.04840214170133,26.18393841383146,25.80274163864059,25.989105224609375,1220800,0.0,0
2012-09-21,26.192401358407743,26.463473817033965,26.056865129094636,26.107690811157227,1508600,0.0,0
2012-09-24,25.811212046409832,25.83662570253045,25.20129884099282,25.235183715820312,1336600,0.0,0
2012-09-25,25.421540425030877,25.438482858942255,24.261009553612226,24.506669998168945,2459100,0.0,0
2012-09-26,24.506671362466875,24.65067882729171,24.04923531571052,24.489728927612305,1682200,0.0,0
2012-09-27,24.549022603134976,24.84550871119318,24.421957589886976,24.82009506225586,1009100,0.0,0
2012-09-28,24.650681224965112,24.88786887312136,24.565970658172308,24.642210006713867,1077000,0.0,0
2012-10-01,24.64220315969473,24.726913702950082,23.947579613295453,24.15935516357422,2445600,0.0,0
2012-10-02,24.277956372329914,24.523616861255018,24.1254776710274,24.388080596923828,2093200,0.0,0
2012-10-03,24.438908576669533,24.56597363439311,24.14242236483461,24.201719284057617,1378900,0.0,0
2012-10-04,24.311837569998804,24.752329554607044,24.11700280572958,24.743858337402344,1189100,0.0,0
2012-10-05,24.803153597150988,24.964101855723264,24.6506749389505,24.693029403686523,1002800,0.0,0
2012-10-08,24.515141238198655,24.66761991210573,24.320306479473267,24.438901901245117,799200,0.0,0
2012-10-09,24.32031312250364,24.37114043816897,23.905233072222693,24.201719284057617,1470000,0.0,0
2012-10-10,21.779003282787166,23.456267367035135,21.524873193271866,23.151309967041016,5711700,0.0,0
2012-10-11,23.346135327185767,23.752745596286243,22.956469104958465,23.10894775390625,1081300,0.0,0
2012-10-12,22.812469447349656,23.007302624873322,22.761643752282552,22.880237579345703,1960600,0.0,0
2012-10-15,22.914120261860926,23.34614269837782,22.84635213156728,22.931062698364258,1193900,0.0,0
2012-10-16,22.973416973951966,23.752751218595222,22.973416973951966,23.7188663482666,1368500,0.0,0
2012-10-17,23.71039197928436,23.845928211145328,23.473202765667992,23.778160095214844,1636000,0.0,0
2012-10-18,23.803578105825686,23.93911436251933,23.676513067140352,23.795106887817383,1821900,0.0,0
2012-10-19,23.642630201036987,23.92217395615012,23.498622714116898,23.59180450439453,2311400,0.0,0
2012-10-22,23.651099413115432,23.87134623417251,23.566388848752,23.795106887817383,1006700,0.0,0
2012-10-23,23.574851857754062,23.76968495694333,23.329193083932612,23.600265502929688,1940100,0.0,0
2012-10-24,23.718860771890128,23.752745634252314,23.26142482431562,23.62567901611328,2171000,0.0,0
2012-10-25,24.22712832883079,24.718447643338315,23.98146786371725,24.167831420898438,2091100,0.0,0
2012-10-26,24.167826394054288,24.489724519755782,24.040759771234978,24.09158706665039,1646300,0.0,0
2012-10-31,24.193242319263078,24.43890277281203,24.040763639918143,24.269481658935547,1126300,0.0,0
2012-11-01,24.32877998160856,25.158941549109834,24.040765040668855,25.10811424255371,1516000,0.0,0
2012-11-02,25.07423052974327,25.141998654862054,24.845512501572543,24.887866973876953,1427100,0.0,0
2012-11-05,24.879400567713766,25.59096516500064,24.879400567713766,25.54861068725586,1004100,0.0,0
2012-11-06,25.565548800937687,26.21781798850047,25.370715651110725,26.209346771240234,1105400,0.0,0
2012-11-07,25.85356246375408,25.895916932269696,25.074228286743168,25.074228286743164,1268900,0.0,0
2012-11-08,25.091174745293028,25.4130729585176,24.91328239440918,24.91328239440918,1259700,0.0,0
2012-11-09,24.84551295489207,25.463897309848665,24.84551295489207,25.10811424255371,1122200,0.0,0
2012-11-12,25.099640436711663,25.379184131067607,24.83703917612745,25.1165828704834,540400,0.0,0
2012-11-13,24.964110644329974,25.38766190367828,24.760806233729166,24.97258186340332,1164200,0.0,0
2012-11-14,24.98951840944574,25.21823642333876,24.23559786259777,24.252538681030273,1526900,0.0,0
2012-11-15,24.30336580122269,24.532082197680996,23.92216911425978,24.03229331970215,1124500,0.0,0
2012-11-16,24.032291190533424,24.032291190533424,23.532500741114653,23.76121711730957,1179700,0.0,0
2012-11-19,24.006884124351714,24.33725357055664,23.922173554224372,24.33725357055664,736500,0.0,0
2012-11-20,24.24407203713098,24.43890520648717,23.99841155911867,24.35419464111328,655700,0.0,0
2012-11-21,24.37959944448399,24.498193223520445,24.167823915793708,24.21017837524414,612400,0.0,0
2012-11-23,24.328778463024634,24.659149472139596,24.15088774834075,24.54055404663086,280500,0.0,0
2012-11-26,24.40501334485723,24.58290564276895,24.235593878348038,24.481252670288086,645100,0.0,0
2012-11-27,24.447374350451298,24.853983090885205,24.362663792264357,24.760801315307617,847600,0.0,0
2012-11-28,24.51514405327948,24.91328160197331,24.28642601615511,24.879398345947266,819800,0.0,0
2012-11-29,25.048820390110002,25.158944618698037,24.709979716992542,25.006465911865234,492800,0.0,0
2012-11-30,25.02340007965279,25.150465088114093,24.760797231017627,24.81162452697754,1056000,0.0,0
2012-12-03,25.05728550945747,25.08269915965,24.54902381564247,24.828567504882812,727900,0.0,0
2012-12-04,24.743857406102332,25.15893895491273,24.701502937392412,25.1165828704834,476000,0.0,0
2012-12-05,25.192823952993344,25.311417766177055,24.862454550141845,25.209766387939453,760000,0.0,0
2012-12-06,25.218233167211224,25.64178427200529,25.218233167211224,25.531660079956055,699200,0.0,0
2012-12-07,25.590956826333038,25.692609801805123,25.41306613890593,25.624841690063477,535900,0.0,0
2012-12-10,25.565545981868905,25.785792759190343,25.45542178534853,25.768850326538086,894500,0.0,0
2012-12-11,25.997569566768416,26.20934513791836,25.709554660746942,26.158517837524414,832300,0.0,0
2012-12-12,26.226290865585547,26.446537694701046,26.065342564697815,26.192407608032227,815100,0.0,0
2012-12-13,26.251700909706223,26.505832577139763,25.912860302180963,25.963685989379883,640800,0.0,0
2012-12-14,25.870502104951466,25.895914137030065,25.57401601018705,25.624841690063477,532000,0.0,0
2012-12-17,25.718030388096295,25.87050908458219,25.50625477980359,25.701087951660156,722200,0.0,0
2012-12-18,25.734966439423143,26.62442479884346,25.709554405198148,26.590539932250977,1295100,0.0,0
2012-12-19,26.632900347367094,26.759965386317468,26.531247346775015,26.675254821777344,1161100,0.0,0
2012-12-20,26.743021414743513,26.963268223613934,26.387238356678917,26.785377502441406,2118900,0.0,0
2012-12-21,26.361828783008683,26.412654477275726,26.15005317188969,26.370298385620117,1709800,0.0,0
2012-12-24,26.404181126409114,26.48042046951205,26.133108624585144,26.285587310791016,222600,0.0,0
2012-12-26,26.285588289455003,26.395710891526235,25.86203708565552,25.91286277770996,585700,0.0,0
2012-12-27,25.946737713612396,26.048390680844292,25.514717046104373,25.92132568359375,505800,0.0,0
2012-12-28,25.73496778623247,25.819678341427544,25.29447580751311,25.311416625976562,593800,0.0,0
2012-12-31,25.328360330366937,25.94674466757963,25.17588164651295,25.9298038482666,579100,0.0,0
2013-01-02,26.632896430904193,27.022562708479473,26.46347532673792,27.01409149169922,905300,0.0,0
2013-01-03,27.098805133592887,27.27669747482273,26.751493284598922,26.844675064086914,1222400,0.0,0
2013-01-04,26.85314702718464,26.85314702718464,26.565132078699786,26.700668334960938,655600,0.0,0
2013-01-07,26.50583412245288,26.60748550277709,26.277116093144073,26.285587310791016,544600,0.0,0
2013-01-08,26.234756939370353,26.26017058934159,25.836619450803823,26.073808670043945,647100,0.0,0
2013-01-09,26.192407608032227,26.319472651366638,26.08228500133432,26.192407608032227,722100,0.0,0
2013-01-10,26.446536704816424,26.717610833695225,26.344885320241545,26.56513214111328,557700,0.0,0
2013-01-11,26.539714031981738,26.93785151688539,26.45500348190965,26.887025833129883,572800,0.0,0
2013-01-14,26.726078008237213,26.980209678028885,26.68372353779834,26.793846130371094,568400,0.0,0
2013-01-15,26.632900693774417,27.11574720177825,26.531247691860163,27.098806381225586,1115600,0.0,0
2013-01-16,26.99715197306206,26.99715197306206,26.658309748423157,26.819259643554688,1227200,0.0,0
2013-01-17,26.97173481736476,27.378343495241996,26.95479238519006,27.20045280456543,823900,0.0,0
2013-01-18,27.141162439490937,27.310583570572465,26.97174130840941,27.166574478149414,771900,0.0,0
2013-01-22,27.141162846979036,27.640953413881608,26.997155368113553,27.45458984375,940000,0.0,0
2013-01-23,27.378348386573574,27.378348386573574,27.031036543538864,27.25128173828125,916900,0.0,0
2013-01-24,28.420288385770395,29.801066373204037,28.225455197466445,29.14032745361328,3561900,0.0,0
2013-01-25,29.57234430133807,30.07213484062289,29.436808048215365,30.038249969482422,2239800,0.0,0
2013-01-28,30.072138990614743,30.22461770034993,29.877305801828584,29.970487594604492,1565200,0.0,0
2013-01-29,29.843418056391283,30.190729921516542,29.52999106382441,29.978954315185547,2069800,0.0,0
2013-01-30,30.038248545580217,30.19920006014828,29.86035782768406,29.877300262451172,976200,0.0,0
2013-01-31,29.902705879217944,30.029772496972477,29.76716966161766,29.953533172607422,1473200,0.0,0
2013-02-01,30.22461782267792,30.588872160581822,29.96201488119568,30.487220764160156,1432300,0.0,0
2013-02-04,30.233079408441917,30.495682280284548,29.970479768038057,30.08060073852539,970900,0.0,0
2013-02-05,30.31779867746207,31.003949621370737,30.31779867746207,30.970067977905273,1425200,0.0,0
2013-02-06,30.749806281831113,30.995466671953523,30.665097362483177,30.834518432617188,1022100,0.0,0
2013-02-07,30.749818908554232,30.843000696962854,30.461803940490967,30.792173385620117,957400,0.0,0
2013-02-08,30.859938488512327,31.00394433514601,30.724402243441048,30.826053619384766,681800,0.0,0
2013-02-11,30.868408141595257,30.902293010779378,30.622750918607853,30.69051742553711,1362300,0.0,0
2013-02-12,30.665097362483177,31.054763561784707,30.54650358282081,30.834518432617188,1335100,0.0,0
2013-02-13,30.936176776089297,30.936176776089297,30.521095221992365,30.77522850036621,748500,0.0,0
2013-02-14,30.71592685093463,30.89382078331126,30.71592685093463,30.766754150390625,1013300,0.0,0
2013-02-15,30.868408027803785,30.9192353313926,30.538038633073935,30.648162841796875,885200,0.0,0
2013-02-19,30.741342660385744,30.953118231375274,30.66510332557196,30.7836971282959,782600,0.0,0
2013-02-20,30.69899079713612,30.91923598781891,30.326263692449643,30.394033432006836,1192200,0.0,0
2013-02-21,30.30931784062768,30.42791164004401,29.843412243732676,29.936594009399414,1486500,0.0,0
2013-02-22,30.13143510827766,30.250028939050285,29.90271704974208,30.182262420654297,655500,0.0,0
2013-02-25,30.29238013746259,30.29238013746259,29.157262802124027,29.157262802124023,967900,0.0,0
2013-02-26,29.335153108157556,29.623168015039727,29.047138201275384,29.49610137939453,966500,0.0,0
2013-02-27,29.419863034572437,29.987423266402697,29.326681262821282,29.80105972290039,475700,0.0,0
2013-02-28,29.775646169229834,30.292375841016447,29.673991569899826,29.911182403564453,753200,0.0,0
2013-03-01,29.63163770294151,29.724819471829306,28.945483685035825,29.22502899169922,1200000,0.0,0
2013-03-04,29.131844291942226,29.326677411179315,28.733705221818614,28.920068740844727,807900,0.0,0
2013-03-05,29.064077268764134,29.673988647483988,29.064077268764134,29.60622215270996,701400,0.0,0
2013-03-06,29.758708337319018,30.309322960685357,29.690938593953746,30.19072914123535,1547000,0.0,0
2013-03-07,30.36015518869434,30.834533774816347,30.224618911436586,30.698997497558594,1097100,0.0,0
2013-03-08,30.91923599243164,30.91923599243164,30.436387908051255,30.707460403442383,488800,0.0,0
2013-03-11,30.5803843971799,30.631211686297746,30.326254414466774,30.614269256591797,670100,0.0,0
2013-03-12,30.56346169622939,30.61428578134263,30.343213222606032,30.554988861083984,432600,0.0,0
2013-03-13,30.546507120037298,30.68204334555167,30.385555630625007,30.631216049194336,333400,0.0,0
2013-03-14,30.648159964135555,31.22418975830078,30.648159964135555,31.22418975830078,537600,0.0,0
2013-03-15,31.207247559755817,31.207247559755817,30.69898749352839,30.859935760498047,748400,0.0,0
2013-03-18,30.42791670617566,30.842998304680982,30.317795720633594,30.639692306518555,687900,0.0,0
2013-03-19,30.698993314941486,30.817587137454108,30.233084395871458,30.588869094848633,348100,0.0,0
2013-03-20,30.792165060649246,31.046298317216003,30.614274366203386,30.987001419067383,414100,0.0,0
2013-03-21,30.648163272393866,30.953120635333352,30.368617945886335,30.622751235961914,625700,0.0,0
2013-03-22,30.707452549557132,30.817576732468588,30.13142283631935,30.233074188232422,670000,0.0,0
2013-03-25,30.233085449802633,30.360152110603902,29.572346569090644,29.834949493408203,817700,0.0,0
2013-03-26,30.02130337234721,30.122957971677213,29.69940683545169,29.911182403564453,453700,0.0,0
2013-03-27,29.72482324870525,30.148374447329466,29.479162777957793,30.106019973754883,331000,0.0,0
2013-03-28,30.021295018096733,30.75827611667978,29.817992338888725,30.66509437561035,663700,0.0,0
2013-04-01,30.60581153175859,30.68205087929532,29.78412114513375,29.978954315185547,589300,0.0,0
2013-04-02,30.055184576049832,30.089069438363715,29.572336598111153,29.68246078491211,823000,0.0,0
2013-04-03,29.690934530782496,29.826470767525837,29.013253347065795,29.047138214111328,694200,0.0,0
2013-04-04,28.793005773786234,29.004781328007724,28.59816942023658,28.894657135009766,735400,0.0,0
2013-04-05,28.3186280399891,28.564288464251906,28.10685248074984,28.369455337524414,664100,0.0,0
2013-04-08,28.445700071754754,28.750654220581055,28.242394074431353,28.750654220581055,513500,0.0,0
2013-04-09,28.72523798200554,28.911601516345435,28.471107946093966,28.759122848510742,655400,0.0,0
2013-04-10,29.013250412515116,29.529983272658676,28.937011085093303,29.326677322387695,938200,0.0,0
2013-04-11,29.208087032499222,29.36903530682195,28.945484155135873,29.0640811920166,769700,0.0,0
2013-04-12,28.996306053275667,29.0556029449468,28.589697411200074,28.742176055908203,532900,0.0,0
2013-04-15,28.555819038878457,28.657473646076095,27.92049228536858,27.962846755981445,1254200,0.0,0
2013-04-16,28.310162200067946,28.35251990752819,27.895083811048394,28.19156837463379,1112700,0.0,0
2013-04-17,27.903551387806303,27.962848296218272,27.107276309531898,27.539297103881836,965600,0.0,0
2013-04-18,27.6833041901263,27.6833041901263,27.014092579024876,27.047977447509766,735500,0.0,0
2013-04-19,27.217403816890144,27.217403816890144,26.45501028588052,26.717613220214844,1390900,0.0,0
2013-04-22,26.70913630406953,27.16657070937915,26.27711393389302,27.031034469604492,952100,0.0,0
2013-04-23,27.15810144412473,27.36987702335747,26.7345486699398,27.276695251464844,1583200,0.0,0
2013-04-24,27.20045632144919,28.089913121272893,27.149629018353373,28.013673782348633,2004800,0.0,0
2013-04-25,27.928963910688207,28.581233070526483,27.573179263758767,28.005203247070312,1058500,0.0,0
2013-04-26,27.878139892870546,27.878139892870546,26.878558800988312,26.997154235839844,1086900,0.0,0
2013-04-29,27.098806381225586,27.158104908178696,26.649841514327083,27.098806381225586,1325800,0.0,0
2013-04-30,27.107276508826335,27.742603302001953,26.861616039919696,27.742603302001953,1668000,0.0,0
2013-05-01,27.598595972934653,27.598595972934653,26.870085822910948,26.971738815307617,1175300,0.0,0
2013-05-02,27.10728264929726,27.649427785252822,27.10728264929726,27.285173416137695,790700,0.0,0
2013-05-03,27.674826494186334,27.89507486919652,27.59859040065013,27.759538650512695,768800,0.0,0
2013-05-06,27.7341358632376,27.886611332569064,27.624011639027643,27.810375213623047,944000,0.0,0
2013-05-07,27.878134626005885,27.92896192379099,27.564707701594248,27.70871353149414,612500,0.0,0
2013-05-08,27.69177987226405,28.57276725769043,27.674837434301278,28.57276725769043,1084400,0.0,0
2013-05-09,28.547347752320118,28.73370805830457,28.394869081962703,28.479578018188477,757800,0.0,0
2013-05-10,28.49651803457549,28.750648053135638,28.38639384167197,28.445693969726562,520800,0.0,0
2013-05-13,28.369457657878915,28.403339294235067,27.751070130656036,27.91202163696289,716700,0.0,0
2013-05-14,27.869673497199862,28.013679370874396,27.598600956156375,27.793434143066406,699600,0.0,0
2013-05-15,27.624005711408152,28.6405290879398,27.34446040950049,28.623586654663086,1720000,0.0,0
2013-05-16,28.615113122553215,29.191142914120327,28.564289055404657,28.699825286865234,924300,0.0,0
2013-05-17,28.78453534166664,29.140319982767142,28.78453534166664,29.047138214111328,695300,0.0,0
2013-05-20,28.93702039254403,29.004790141578315,28.428760200544858,28.49652671813965,994100,0.0,0
2013-05-21,28.581230980234807,28.640527878479887,28.38639462149971,28.547346115112305,585400,0.0,0
2013-05-22,28.699828833772656,28.928546858523553,28.216980747556,28.318632125854492,871100,0.0,0
2013-05-23,28.157688837641214,28.71677636465418,28.05603420986458,28.57276725769043,1129500,0.0,0
2013-05-24,28.403338726076523,28.547347795605226,28.132266252016507,28.34404182434082,542100,0.0,0
2013-05-28,28.682883872518403,28.843832143268454,28.34404166611551,28.437223434448242,358100,0.0,0
2013-05-29,28.25085974110778,28.572759512261445,28.047557003544544,28.530405044555664,501000,0.0,0
2013-05-30,28.59817603163561,29.284330149257944,28.59817603163561,29.199621200561523,460800,0.0,0
2013-05-31,29.089494211730734,29.360566699470464,28.93701553344727,28.937015533447266,603400,0.0,0
2013-06-03,28.996313581527293,29.004786414787663,28.598174435706024,28.835365295410156,646400,0.0,0
2013-06-04,28.98784563569091,29.32668466236365,28.49652468457243,28.767597198486328,554000,0.0,0
2013-06-05,28.66593881508186,28.682881246995034,28.29321500730743,28.513460159301758,536200,0.0,0
2013-06-06,28.547353082375647,28.7337134231553,27.920495850373033,28.19156837463379,586500,0.0,0
2013-06-07,28.369458243894865,28.742182103022575,28.19156430001583,28.555818557739258,336600,0.0,0
2013-06-10,28.623591943652674,28.776070639878956,28.39487389931325,28.649003982543945,701000,0.0,0
2013-06-11,28.310157067755497,28.733708214057803,28.29321786556955,28.504993438720703,1081900,0.0,0
2013-06-12,28.73370902104848,28.8014787574508,28.140739984722664,28.157682418823242,552600,0.0,0
2013-06-13,28.14920595176468,28.63205395125551,28.005200127660405,28.513460159301758,560100,0.0,0
2013-06-14,28.479572003935413,28.979362377575907,28.35250862642972,28.801471710205078,1351000,0.0,0
2013-06-17,29.064076709248972,29.25043698986871,28.886182797085198,29.004779815673828,863100,0.0,0
2013-06-18,29.021725018840034,29.1318492288761,28.920073641889285,28.95395851135254,541900,0.0,0
2013-06-19,28.93701147363065,29.157256627229533,28.725235920330825,28.733705520629883,776000,0.0,0
2013-06-20,28.386395239279118,28.793007166721146,28.25933183946232,28.293216705322266,744900,0.0,0
2013-06-21,28.42875479377297,28.42875479377297,27.742600756775936,27.99673080444336,795500,0.0,0
2013-06-24,27.683305908647537,27.818842159561978,27.54776965773309,27.590124130249023,928800,0.0,0
2013-06-25,27.861197820556235,28.039088551574913,27.57318287114727,27.97979164123535,401000,0.0,0
2013-06-26,28.250864091476064,28.420285219827193,27.90355223250391,28.115327835083008,450000,0.0,0
2013-06-27,28.27628007590155,28.91160689969795,28.225452766679677,28.649003982543945,713100,0.0,0
2013-06-28,28.55581680721264,28.81841967479207,28.377926105677563,28.462635040283203,630300,0.0,0
2013-07-01,28.61511558135584,29.17420298810109,28.61511558135584,29.030197143554688,470400,0.0,0
2013-07-02,28.970898965350504,29.267383474285865,28.598171889616008,28.776065826416016,465400,0.0,0
2013-07-03,28.63205279155767,29.15725523383967,28.63205279155767,29.004779815673828,171200,0.0,0
2013-07-05,29.216555118300494,29.64857580099644,29.18267025612559,29.640106201171875,294200,0.0,0
2013-07-08,29.648577215124952,29.648577215124952,29.2165565118232,29.233495712280273,465400,0.0,0
2013-07-09,29.39444579756128,29.682460663171348,29.352091335561802,29.640106201171875,442700,0.0,0
2013-07-10,29.6401163165685,29.928131280470545,29.572346569090644,29.834949493408203,443200,0.0,0
2013-07-11,30.21614095876096,30.309322739488557,29.97895332159194,30.106019973754883,421700,0.0,0
2013-07-12,30.01283203068381,30.343201380747796,29.843410939732433,30.2669620513916,579500,0.0,0
2013-07-15,30.233083105218764,30.495686009171393,30.046722776985796,30.470273971557617,583100,0.0,0
2013-07-16,30.45332596974978,30.605804630440755,30.30931690956894,30.377086639404297,485400,0.0,0
2013-07-17,30.402494542203552,30.927696951324663,30.266958332383968,30.834518432617188,695200,0.0,0
2013-07-18,30.766756714131017,30.987005132021206,30.554981129242208,30.826053619384766,415600,0.0,0
2013-07-19,30.639692763505103,30.995477457736026,30.580395853039825,30.910768508911133,443500,0.0,0
2013-07-22,30.96159373568424,31.04630591909499,30.74134852169506,31.003948211669922,356200,0.0,0
2013-07-23,31.054772676408994,31.41055735125759,30.987006167328698,31.308902740478516,545500,0.0,0
2013-07-24,31.56303154593013,31.825634432812475,31.393613664265605,31.800222396850586,830100,0.0,0
2013-07-25,31.766340607091,32.35084011094334,31.715513298801515,32.18989181518555,976000,0.0,0
2013-07-26,31.969639863868462,32.079760828103495,31.45290698198292,31.571500778198242,513300,0.0,0
2013-07-29,31.503742114741293,31.673163268036816,31.139487766159817,31.461387634277344,496800,0.0,0
2013-07-30,31.596904497585605,31.986570648747833,31.563019641457306,31.783267974853516,655100,0.0,0
2013-07-31,31.859519098566324,32.18988848972006,31.65621311785075,31.910343170166016,600300,0.0,0
2013-08-01,32.18988491728613,33.26570514308385,32.147530451840574,33.13016891479492,1219100,0.0,0
2013-08-02,32.986170039620596,33.053939790409466,32.61344610460055,32.87604904174805,563800,0.0,0
2013-08-05,32.68967826023676,32.9353387055925,32.579554055174036,32.86756896972656,547800,0.0,0
2013-08-06,32.808265706204864,32.92685948954027,32.41012666377464,32.6727294921875,683200,0.0,0
2013-08-07,32.58802593462715,32.9438073431996,32.24918372808682,32.42707443237305,928100,0.0,0
2013-08-08,32.82521661402241,33.13017398217649,32.36778056179131,33.07087707519531,633600,0.0,0
2013-08-09,32.96922760192338,33.20641849824484,32.8252217286564,32.87604904174805,634100,0.0,0
2013-08-12,32.86756717856689,33.05393071060325,32.70661891181465,33.02851867675781,549000,0.0,0
2013-08-13,33.10475323774182,33.765491873988346,32.935332163170386,33.75701904296875,1157900,0.0,0
2013-08-14,33.782440781414756,33.89256175427627,33.409713699610116,33.545249938964844,1025200,0.0,0
2013-08-15,33.231816778938885,33.231816778938885,32.59649016983785,32.6727294921875,672500,0.0,0
2013-08-16,32.68968080758475,32.960753309294155,32.61344146451404,32.9268684387207,452100,0.0,0
2013-08-19,32.884513466366386,33.30806464777908,32.867571031337185,33.20641326904297,769500,0.0,0
2013-08-20,33.21488523554224,33.697733358213526,33.104764247171104,33.67232131958008,906700,0.0,0
2013-08-21,33.553731788480036,33.64691358397187,32.782868614101695,32.859107971191406,1255000,0.0,0
2013-08-22,32.935344310663616,33.47748936410015,32.8252200868595,33.43513488769531,366000,0.0,0
2013-08-23,33.40971460493322,33.52831164509129,33.08781804739239,33.358890533447266,711900,0.0,0
2013-08-26,33.34195292487713,33.69773440252848,32.91840170018395,33.528316497802734,447600,0.0,0
2013-08-27,33.26570683557612,33.33347333744912,32.477901458740234,32.477901458740234,569500,0.0,0
2013-08-28,32.55413936859027,33.257232548022635,32.44401517249655,33.21487808227539,678400,0.0,0
2013-08-29,33.18947174240543,33.87562583839201,33.17252930691252,33.646907806396484,511600,0.0,0
2013-08-30,33.6299646767409,33.6299646767409,32.579556317936365,32.664268493652344,707100,0.0,0
2013-09-03,33.12170276385479,33.41819054465569,32.20683384622506,32.51179122924805,1541100,0.0,0
2013-09-04,32.57956001594223,33.75703192481332,32.54567514180967,33.60455322265625,777000,0.0,0
2013-09-05,33.60455583307106,33.765507381983774,33.34195611674351,33.350425720214844,676100,0.0,0
2013-09-06,33.52899207423693,33.84361776935801,33.03579205785441,33.66504669189453,888800,0.15,0
2013-09-09,33.86912850484319,34.83851801145731,33.73307065035917,34.74497985839844,1032500,0.0,0
2013-09-10,34.881040105785154,35.51879680464905,34.881040105785154,35.42525863647461,837800,0.0,0
2013-09-11,35.17864522794257,35.340212272932796,34.88102684579807,35.11912155151367,686000,0.0,0
2013-09-12,34.71945994033273,35.27218020686758,34.71945994033273,35.06809997558594,980800,0.0,0
2013-09-13,35.17015215902576,35.32321400690491,34.84702123085889,34.94055938720703,404500,0.0,0
2013-09-16,35.39124475777025,35.39124475777025,34.906549918051645,34.974578857421875,538700,0.0,0
2013-09-17,34.97456323462233,35.2126579284668,34.97456323462233,35.2126579284668,902400,0.0,0
2013-09-18,35.11062934193245,35.28069842645577,34.76198917836874,35.16164779663086,787100,0.0,0
2013-09-19,35.33170580021128,35.382727482705945,35.04258942033546,35.297691345214844,361400,0.0,0
2013-09-20,34.923554896050504,35.26369308332438,34.923554896050504,35.14464569091797,1010100,0.0,0
2013-09-23,35.187156988547805,35.20416421979496,34.84701885119998,34.872528076171875,787900,0.0,0
2013-09-24,34.93206322586254,35.20417250224057,34.55791053799392,35.03410339355469,584400,0.0,0
2013-09-25,35.09362567207312,35.705873140997916,34.84702563666748,35.42525863647461,648100,0.0,0
2013-09-26,34.940564756237485,35.6548524081663,34.58341930837388,35.43376159667969,528800,0.0,0
2013-09-27,35.29770303725935,35.56981552356872,35.14464442667001,35.484779357910156,462300,0.0,0
2013-09-30,35.0511113335279,35.53580619455876,34.80451128316525,35.467777252197266,857900,0.0,0
2013-10-01,35.50178583749945,36.34362601876156,35.34872398636088,36.199066162109375,1129400,0.0,0
2013-10-02,35.969469160740545,35.97797439802594,35.561305353576394,35.90144348144531,644800,0.0,0
2013-10-03,35.69736133706434,35.81640871328503,35.33171397078784,35.671852111816406,770200,0.0,0
2013-10-04,35.74838405708429,36.24158080754949,35.53579852379116,36.131038665771484,499100,0.0,0
2013-10-07,35.68887411440202,36.012001913940004,35.45077601961727,35.74839782714844,575100,0.0,0
2013-10-08,35.799396613017265,36.44565834431827,35.136130896395386,35.37422561645508,1082900,0.0,0
2013-10-09,35.66334202386926,35.7568801621205,34.94905461989289,35.37422561645508,781000,0.0,0
2013-10-10,35.88443116040256,36.34361659475007,35.72286411287448,36.29259490966797,590700,0.0,0
2013-10-11,36.156544633681676,36.43715582556785,35.90144266547674,36.37763214111328,447700,0.0,0
2013-10-14,35.57831498169022,36.216071581569615,35.552805755710345,36.131038665771484,663800,0.0,0
2013-10-15,35.93545017535339,36.080009996828494,35.44225352020833,35.57830810546875,537900,0.0,0
2013-10-16,35.73987829689382,35.8759329064611,35.365728931533255,35.75688552856445,866100,0.0,0
2013-10-17,35.59533392609379,35.74839581993299,35.37424308219321,35.65485763549805,1040100,0.0,0
2013-10-18,35.75688371165474,35.75688371165474,35.569810660379055,35.68885803222656,1015400,0.0,0
2013-10-21,35.671844860343626,36.267084864242705,35.612321184333425,36.020484924316406,575900,0.0,0
2013-10-22,36.241577541817485,36.37763214111328,35.850420974316755,36.37763214111328,897900,0.0,0
2013-10-23,36.088530097729056,36.0970353382115,34.923561924142334,34.98308563232422,1305500,0.0,0
2013-10-24,35.926950540518696,35.926950540518696,32.93374622457364,32.98476791381836,1706300,0.0,0
2013-10-25,33.14633304716072,33.35041656844753,32.50857650336101,32.9677619934082,1564200,0.0,0
2013-10-28,33.07830678692254,33.47796534155208,32.67013975153466,33.46946334838867,1382400,0.0,0
2013-10-29,33.503478139371744,34.07320575707081,33.48647090907957,33.8181037902832,1453700,0.0,0
2013-10-30,33.809599216161594,34.02218473328579,33.018784076753334,33.103816986083984,848000,0.0,0
2013-10-31,33.15484468405402,34.056205363914195,33.02729205315396,33.75858688354492,1424100,0.0,0
2013-11-01,33.852116711076,33.903135155834406,33.443952934022,33.80959701538086,731200,0.0,0
2013-11-04,33.95416400928009,34.05620416412641,33.62253107318102,33.724571228027344,410000,0.0,0
2013-11-05,33.5459946057672,33.77558734910128,33.20585648739134,33.44395446777344,515100,0.0,0
2013-11-06,33.64803473115897,33.87762747440706,33.4694636787874,33.8181037902832,380500,0.0,0
2013-11-07,33.920140252605385,34.14973297097449,33.46946005199037,33.55449295043945,738700,0.0,0
2013-11-08,33.6395360208015,34.2687873840332,33.316405101310785,34.2687873840332,631300,0.0,0
2013-11-11,34.31980928867649,34.881034971312616,34.19225667016007,34.830013275146484,806700,0.0,0
2013-11-12,34.753479737823575,34.94905802604767,34.532392225334725,34.8640251159668,587600,0.0,0
2013-11-13,34.74497151915318,35.068102358401546,34.66844061627323,35.008575439453125,598900,0.0,0
2013-11-14,34.898042838547674,35.289199451547304,34.778995455791076,35.15314483642578,544300,0.0,0
2013-11-15,35.255180124108435,35.73137283325195,34.974568938286275,35.73137283325195,741700,0.0,0
2013-11-18,35.8079013457891,36.037494069958825,35.51878494244173,35.6633415222168,1277000,0.0,0
2013-11-19,35.65484264957877,35.90994461749044,34.34531510548865,34.43035125732422,1071600,0.0,0
2013-11-20,34.60892116450956,34.84701589417031,34.319804745436905,34.557899475097656,443500,0.0,0
2013-11-21,34.59191885742505,34.95756624075155,34.583413619413996,34.80450439453125,844800,0.0,0
2013-11-22,34.88102691869918,34.88102691869918,34.32830335779325,34.69395065307617,894800,0.0,0
2013-11-25,34.70247067071304,34.86403454106271,34.53240156077743,34.7704963684082,684800,0.0,0
2013-11-26,34.70246057185913,34.79599547349533,34.37082444428568,34.379329681396484,1068200,0.0,0
2013-11-27,34.49838046344599,34.50688570139821,33.945656773274216,34.08171463012695,987800,0.0,0
2013-11-29,34.29509573785406,34.38044808274144,33.979288154590876,34.05610656738281,938900,0.15,0
2013-12-02,33.95368284550346,34.380451119603734,33.58666186929853,34.08171463012695,1410900,0.0,0
2013-12-03,34.056100805881314,34.39751338365498,33.97928240608526,34.12438201904297,770000,0.0,0
2013-12-04,33.9622099785478,34.16705686611253,33.53544183080827,33.86832046508789,736300,0.0,0
2013-12-05,33.868326936252636,33.868326936252636,33.55251935825968,33.76590347290039,924100,0.0,0
2013-12-06,34.201214537528166,35.088893466953536,34.201214537528166,34.952327728271484,815400,0.0,0
2013-12-09,35.088887854208366,35.635150721557515,35.05474561100316,35.327877044677734,1097200,0.0,0
2013-12-10,35.35348911248359,35.97657377864318,35.34495517798109,35.81439971923828,1244600,0.0,0
2013-12-11,35.814390988245734,35.97656500811512,35.020601777676404,35.08888626098633,1174500,0.0,0
2013-12-12,35.13155742677687,35.14862854517072,34.295092161375386,34.50847625732422,755200,0.0,0
2013-12-13,34.6535862815455,34.73894189913568,34.2951024556184,34.70479965209961,976900,0.0,0
2013-12-16,35.07181955019096,35.549801225513114,34.875506519965015,35.53273010253906,937700,0.0,0
2013-12-17,35.541256192530255,36.061913932393104,35.28519591639627,35.993629455566406,734800,0.0,0
2013-12-18,36.08752105368346,36.13020048214035,35.36201635368182,36.07898712158203,662400,0.0,0
2013-12-19,35.93389755049542,36.1814240009896,35.88268742693419,36.155818939208984,601300,0.0,0
2013-12-20,36.155814069138614,36.65086364746094,36.1472768790387,36.65086364746094,858400,0.0,0
2013-12-23,36.804497032547495,36.8898526455631,36.47161828174592,36.6337890625,450400,0.0,0
2013-12-24,36.60817660328309,37.01787369495345,36.60817660328309,36.795955657958984,153500,0.0,0
2013-12-26,36.992264835333586,37.162972753281835,36.72766739971467,36.9410514831543,310700,0.0,0
2013-12-27,36.906917230152,37.18858256324756,36.85570387141502,37.069087982177734,223200,0.0,0
2013-12-30,37.077621339957446,37.43610833360012,36.93252170975707,37.4019660949707,477000,0.0,0
2013-12-31,37.487320158192134,37.95676782096108,37.453181173977036,37.64949417114258,527400,0.0,0
2014-01-02,37.49585455866397,37.49585455866397,36.40332900140536,36.497215270996094,721300,0.0,0
2014-01-03,36.60818937838922,36.667936688275475,36.07899752397491,36.42894744873047,884000,0.0,0
2014-01-06,36.659384997148294,36.659384997148294,35.746101410125895,35.89120101928711,1076100,0.0,0
2014-01-07,36.13873708447293,36.17287932736786,35.754644991863735,35.976566314697266,1048700,0.0,0
2014-01-08,36.0619201516023,36.25823317236044,35.558333444097975,36.2070198059082,600900,0.0,0
2014-01-09,36.31796671502471,36.497208545737145,36.09604872309251,36.480140686035156,473700,0.0,0
2014-01-10,36.55696616767846,37.12883400208002,36.55696616767846,36.958126068115234,885600,0.0,0
2014-01-13,36.898384334914944,37.03495005145102,35.865605900111895,35.950958251953125,604700,0.0,0
2014-01-14,36.03631535876872,36.667930603027344,36.01924423649366,36.667930603027344,603000,0.0,0
2014-01-15,36.67645996243082,37.47024907085174,36.65938884380013,37.46171188354492,459500,0.0,0
2014-01-16,37.410491272092166,37.55559085570876,37.06907550737473,37.12028884887695,331300,0.0,0
2014-01-17,36.966663717641914,37.64095501845695,36.95812653004631,37.57267379760742,604900,0.0,0
2014-01-21,37.78606674475944,37.83728011436657,37.33369337583979,37.530006408691406,1002400,0.0,0
2014-01-22,37.555602916980455,38.025047302246094,37.3934321674474,38.025047302246094,1263900,0.0,0
2014-01-23,38.40914769707001,38.81031094826533,36.39480076355515,36.616722106933594,1778700,0.0,0
2014-01-24,36.53991187442954,36.881324643588414,35.68637506755556,35.822940826416016,1633900,0.0,0
2014-01-27,35.933875884541884,36.11312097688565,35.15715800432725,35.16569519042969,1390100,0.0,0
2014-01-28,35.1657039744701,35.276664629641196,34.91817761138971,35.26812744140625,1204400,0.0,0
2014-01-29,34.995000005146146,35.44737335354179,34.75601080312334,34.79868698120117,772600,0.0,0
2014-01-30,35.15716228965067,35.34494133500285,34.75600240546587,35.30226516723633,767900,0.0,0
2014-01-31,34.70479865307005,35.26813268901329,34.58530404786751,35.05474853515625,1230800,0.0,0
2014-02-03,34.93525495831694,35.020607319978694,33.36474740945989,33.62934494018555,1913500,0.0,0
2014-02-04,33.80004501962125,33.893934558139755,33.32206665041206,33.654945373535156,1363900,0.0,0
2014-02-05,33.56959523357918,33.85126061169405,33.057471332304665,33.561058044433594,857800,0.0,0
2014-02-06,33.72322959880909,34.49141384041538,33.612272185231085,34.312171936035156,675000,0.0,0
2014-02-07,34.423129619133455,35.07181594555749,34.423129619133455,35.06328201293945,675300,0.0,0
2014-02-10,35.12302491764067,35.575398177453465,35.03766932221549,35.396156311035156,998600,0.0,0
2014-02-11,35.37055007481332,36.0363107341675,34.994995200908754,35.77171325683594,1005700,0.0,0
2014-02-12,35.7802526668547,36.30944770253777,35.7802526668547,36.164344787597656,650200,0.0,0
2014-02-13,35.822928270764486,36.82156442192044,35.233985996610926,36.78742218017578,583600,0.0,0
2014-02-14,36.64230981116091,37.09468296123032,36.64230981116091,37.00079345703125,653000,0.0,0
2014-02-18,37.17151097235867,37.45317955786599,36.94959293261179,37.41050338745117,608600,0.0,0
2014-02-19,37.3593003942336,37.45318994878452,36.659400586106365,36.67647171020508,682800,0.0,0
2014-02-20,36.81302245689753,37.29100071309469,36.60817230711112,37.273929595947266,381300,0.0,0
2014-02-21,37.29954472625751,37.37636313948895,36.872776487412416,37.009342193603516,646400,0.0,0
2014-02-24,37.07762320229092,37.086160390368626,36.54843150088714,36.556968688964844,708300,0.0,0
2014-02-25,36.5996542054448,36.5996542054448,36.09606742773986,36.31798553466797,858200,0.0,0
2014-02-26,36.41186694421654,36.8898485561665,36.32651459664632,36.659393310546875,556000,0.0,0
2014-02-27,36.59111129902624,37.18858754032071,36.50575894569141,37.17151641845703,628700,0.0,0
2014-02-28,37.24003231635446,37.68540568469655,37.11156130277137,37.28285598754883,781500,0.15,0
2014-03-03,36.81178276819491,37.017340928870084,36.11802765155684,36.60622787475586,699800,0.0,0
2014-03-04,37.094429706482394,37.3856352331611,37.00877910026127,37.145816802978516,571600,0.0,0
2014-03-05,37.16295797406289,37.30856241431378,36.71758449099769,36.77753829956055,501800,0.0,0
2014-03-06,36.837483897646216,36.95739475528328,36.623362267006655,36.76896667480469,631300,0.0,0
2014-03-07,36.98308486371634,37.24859683720551,36.837480469468574,37.09442901611328,1722200,0.0,0
2014-03-10,37.13725378315542,37.240031244511094,36.649056757670266,36.906002044677734,585800,0.0,0
2014-03-11,36.97452407399224,37.025914444974866,35.946742792235895,36.066650390625,706200,0.0,0
2014-03-12,35.792570053514396,36.143729372464676,35.47566770996577,36.05807876586914,1107300,0.0,0
2014-03-13,36.1608636365053,36.4435025025593,35.64696973976821,35.77544403076172,604000,0.0,0
2014-03-14,35.69836167561026,36.11803827909025,35.20159788036299,35.34720230102539,722300,0.0,0
2014-03-17,35.544183622566834,36.20367850594545,35.52705350345148,35.963863372802734,831100,0.0,0
2014-03-18,36.06664658279951,37.942350817933445,35.96386911892226,37.80531311035156,2031800,0.0,0
2014-03-19,37.70253377635767,37.83957147714223,37.09442918332847,37.34280776977539,628400,0.0,0
2014-03-20,37.23146849299997,37.925220453784995,37.03447699381184,37.71966552734375,615800,0.0,0
2014-03-21,37.92522098249716,38.77314405078891,37.81388009047122,38.29351043701172,1512100,0.0,0
2014-03-24,38.47337174231975,38.935875233217914,38.096518861163844,38.653236389160156,1284400,0.0,0
2014-03-25,38.807411495701416,39.64676802513164,38.69606731577821,39.54398727416992,1680300,0.0,0
2014-03-26,39.740985055517626,40.040754100174716,38.661809960277004,39.2099609375,1319400,0.0,0
2014-03-27,39.09004907929919,39.43264503651885,38.38773030751238,38.636112213134766,808900,0.0,0
2014-03-28,38.7731396905957,39.63818951635417,38.764572996949866,39.05577850341797,874900,0.0,0
2014-03-31,39.252768571673926,39.98078061745009,39.24420187904921,39.8523063659668,878500,0.0,0
2014-04-01,39.90370998337101,40.357646826284466,39.83518948854187,40.314823150634766,779700,0.0,0
2014-04-02,40.28912249466306,40.845836714419875,39.886572826614504,40.68310546875,1018800,0.0,0
2014-04-03,40.8201457184391,40.8201457184391,40.03217972101403,40.42616271972656,683400,0.0,0
2014-04-04,40.991446140041305,41.26552157021126,39.852317478767475,39.92940139770508,860200,0.0,0
2014-04-07,39.715274242015795,39.94652596667737,39.20994712528931,39.70671081542969,894200,0.0,0
2014-04-08,39.646764195304826,40.04931066235552,39.269908012656956,39.7409782409668,768300,0.0,0
2014-04-09,39.93795244354071,40.32337188720703,39.80091478215219,40.32337188720703,1227800,0.0,0
2014-04-10,40.297688214521216,40.76019169767402,39.46689855097264,39.57823944091797,872900,0.0,0
2014-04-11,39.19281935673139,39.552545372425456,38.379159825533776,38.43911361694336,490500,0.0,0
2014-04-14,38.70462331940136,38.8159674779636,37.8053131580581,38.207862854003906,1576900,0.0,0
2014-04-15,38.3191940255238,38.81595432256053,37.72821645649396,38.59326934814453,687600,0.0,0
2014-04-16,38.89304953008031,39.304162633655395,38.36202884636707,39.27846908569336,659600,0.0,0
2014-04-17,39.23564824121625,39.68102161896041,39.09861053015934,39.50972366333008,495400,0.0,0
2014-04-21,39.5097206175054,39.818056260422885,39.03008703216303,39.39837646484375,592600,0.0,0
2014-04-22,39.37269208069956,40.16922492121103,39.218524223359445,39.980796813964844,663800,0.0,0
2014-04-23,39.86944458164319,40.10926301530447,39.60393586659775,40.01504898071289,868000,0.0,0
2014-04-24,37.25716199129125,38.00230431629081,36.100906546732034,37.317115783691406,2330100,0.0,0
2014-04-25,37.017347516001216,37.04304106544416,36.55484402260799,36.5976676940918,1306700,0.0,0
2014-04-28,36.76040817322294,37.23147847941331,36.246517452044834,36.77753829956055,1653700,0.0,0
2014-04-29,37.00021818826415,37.171516145113436,36.66618896938827,36.683319091796875,775400,0.0,0
2014-04-30,36.571968625911374,36.95738814557897,36.315023368545056,36.94025802612305,1027100,0.0,0
2014-05-01,37.017342819092015,37.40275908077983,36.657616836350755,36.87173843383789,874700,0.0,0
2014-05-02,36.863170493081164,37.317107178647014,36.6404822293137,36.82034683227539,732400,0.0,0
2014-05-05,36.61480026441846,36.77753153383281,36.21225053763302,36.29790115356445,869500,0.0,0
2014-05-06,36.25506563848845,36.34927638438888,35.79256226522082,35.8096923828125,1035300,0.0,0
2014-05-07,35.91249354743876,35.99814092474594,35.28725854482992,35.903926849365234,1152100,0.0,0
2014-05-08,35.85252998092629,36.70044989431189,35.80970630391723,35.92104721069336,873200,0.0,0
2014-05-09,35.79257831319062,35.886792368568734,35.28725105299307,35.6983642578125,1021700,0.0,0
2014-05-12,35.93818139096607,36.72615085925976,35.80971034543951,36.64906692504883,794400,0.0,0
2014-05-13,36.734703916610684,36.90600186285057,36.4349349611183,36.460628509521484,386200,0.0,0
2014-05-14,36.48632379046515,36.571974401270474,35.80970193490511,35.912479400634766,670100,0.0,0
2014-05-15,35.869658869380466,36.16942786535323,35.15021001180881,36.066650390625,709900,0.0,0
2014-05-16,36.10091544573499,36.33216397786109,35.946747579492616,36.237953186035156,410600,0.0,0
2014-05-19,36.195116008301376,36.71757326655354,36.195116008301376,36.65761947631836,540100,0.0,0
2014-05-20,36.53771385636891,36.53771385636891,36.066646936143435,36.19511795043945,550500,0.0,0
2014-05-21,36.36641962302752,36.66619188818621,36.263642147631096,36.554847717285156,425400,0.0,0
2014-05-22,36.5034536564854,36.91456678375603,36.48632353444454,36.5976676940918,438400,0.0,0
2014-05-23,36.56340416322208,37.00877749453857,36.546274042721095,36.9659538269043,460700,0.0,0
2014-05-27,37.111565759524744,37.40276806551178,36.9830914632764,37.325687408447266,399200,0.0,0
2014-05-28,37.24860182339124,37.634018160478064,37.0002199375785,37.51411056518555,495900,0.0,0
2014-05-29,37.52267423354679,37.899527112242986,37.47128386803685,37.59975814819336,539300,0.0,0
2014-05-30,37.45364916496263,37.548182924040404,37.21300853898489,37.44505310058594,544000,0.15,0
2014-06-02,37.402096274134,37.61695206388999,37.152862771191664,37.505226135253906,415600,0.0,0
2014-06-03,37.37630994027154,37.82320704188223,37.36771387383359,37.63413619995117,661900,0.0,0
2014-06-04,37.52240791434835,37.702885956876095,37.28177052431135,37.29036331176758,620900,0.0,0
2014-06-05,37.36771387383359,37.70288833926098,37.08410597171762,37.63413619995117,437800,0.0,0
2014-06-06,37.6685140581977,38.11541116158053,37.608351428209744,37.70288848876953,410200,0.0,0
2014-06-09,37.79741737852606,38.45058059477592,37.702880338402686,38.18415832519531,438800,0.0,0
2014-06-10,38.08102265642904,38.45916748046875,38.02945611197189,38.45916748046875,426100,0.0,0
2014-06-11,38.261513080786564,38.4591799811317,38.192757665828964,38.34745407104492,282100,0.0,0
2014-06-12,38.29589266865655,38.32167431131225,37.625540453659134,37.72007751464844,680000,0.0,0
2014-06-13,37.75445790248054,38.141198961949186,37.38490569881483,37.49663162231445,794900,0.0,0
2014-06-16,37.40208977935778,37.51381568859294,37.0583192640674,37.07550811767578,541200,0.0,0
2014-06-17,36.998159984137246,37.891960702795686,36.998159984137246,37.67710494995117,842600,0.0,0
2014-06-18,37.65133016641501,37.93493810703722,37.57398195016546,37.874778747558594,396600,0.0,0
2014-06-19,38.0122895121151,38.063856086753766,37.39350373020913,37.75446319580078,388900,0.0,0
2014-06-20,37.69429140839814,37.891958295042194,37.30755042216483,37.33333206176758,745000,0.0,0
2014-06-23,37.51382038283599,37.677109594890666,37.21302032470703,37.21302032470703,942800,0.0,0
2014-06-24,37.230199652373756,37.52240356862164,36.89502524694434,36.920806884765625,950000,0.0,0
2014-06-25,36.84346379074365,37.46224941157876,36.80049329561646,37.42787170410156,796200,0.0,0
2014-06-26,37.54818986230558,37.797423320276124,37.152856067314175,37.591163635253906,671500,0.0,0
2014-06-27,37.58255750123061,37.79741319465985,37.22160150991958,37.56536865234375,914100,0.0,0
2014-06-30,37.65133541425682,38.115421497999215,37.47945010102943,38.08104705810547,707400,0.0,0
2014-07-01,38.23573293452172,39.12953041485003,38.23573293452172,38.605281829833984,864200,0.0,0
2014-07-02,38.545116288692206,38.82872742327951,38.09821925951417,38.15837860107422,412600,0.0,0
2014-07-03,38.218547276105475,38.83732969447198,38.098228563601964,38.82014083862305,380300,0.0,0
2014-07-07,38.73419504037482,38.81154324289552,38.201353688809284,38.61387634277344,576100,0.0,0
2014-07-08,38.49355718879595,38.502149976334756,37.94352699003151,38.24432373046875,580900,0.0,0
2014-07-09,38.25290905076106,38.484953610275255,37.823197632054324,37.99508285522461,362100,0.0,0
2014-07-10,37.70288848876953,37.98649967044891,37.22161367637609,37.70288848876953,463900,0.0,0
2014-07-11,37.59116000863269,37.642723285694366,37.23020067700962,37.34192657470703,414100,0.0,0
2014-07-14,37.573980595643775,37.874777382193344,37.27318053065511,37.29896545410156,320400,0.0,0
2014-07-15,37.22160014633262,37.763034113464116,37.22160014633262,37.64271545410156,341300,0.0,0
2014-07-16,37.763048034315645,38.072440860123,37.3075548621208,37.668514251708984,1176200,0.0,0
2014-07-17,37.67710703978639,38.132600211981234,37.436469632353464,37.668514251708984,716800,0.0,0
2014-07-18,37.79742615257691,38.124007836512405,37.608352028439704,38.089630126953125,461300,0.0,0
2014-07-21,37.943537433097525,38.58810486438385,37.806029845560694,38.37324905395508,625000,0.0,0
2014-07-22,38.579508796040585,38.880308897704566,38.35606019570804,38.37324905395508,601200,0.0,0
2014-07-23,38.45917602796194,38.45917602796194,37.711478998565404,37.745853424072266,416500,0.0,0
2014-07-24,37.754464130172806,38.046668170144564,37.69430476415859,37.960723876953125,556600,0.0,0
2014-07-25,37.76304351493516,37.780232367471655,37.419276299520526,37.599754333496094,553300,0.0,0
2014-07-28,37.52240198422561,37.90054686286927,37.22160529421793,37.83179473876953,634700,0.0,0
2014-07-29,37.75445435753937,38.02087667981081,36.88643525240775,36.92940902709961,859900,0.0,0
2014-07-30,37.084101895918025,37.49662452175409,37.05831697787687,37.33333206176758,383600,0.0,0
2014-07-31,36.903628448630556,37.127080300939916,36.3793830871582,36.3793830871582,556400,0.0,0
2014-08-01,36.25045980257359,36.740330615167416,36.00982242893124,36.61141586303711,1108700,0.0,0
2014-08-04,36.55126724494047,37.11848641956511,36.41375966559023,37.09270477294922,799900,0.0,0
2014-08-05,36.86923998753171,37.281762544341895,36.74032525421196,37.255977630615234,939500,0.0,0
2014-08-06,37.70288893998293,37.77164435882699,36.293435638067876,36.55126190185547,1151200,0.0,0
2014-08-07,36.628603245338816,36.628603245338816,35.09883152553532,35.133209228515625,1926900,0.0,0
2014-08-08,35.15040479753906,35.485579269556176,35.03867888072041,35.31369400024414,1525900,0.0,0
2014-08-11,35.58871044398362,35.79497343052065,35.33088416964156,35.5543327331543,1367800,0.0,0
2014-08-12,35.74339900810018,35.949661949301884,35.55432491853512,35.803558349609375,1634900,0.0,0
2014-08-13,36.05278709848148,36.302020497187605,35.812146485258616,36.25045394897461,914300,0.0,0
2014-08-14,36.31061416537977,36.80048491077969,36.23326598039884,36.70594787597656,799300,0.0,0
2014-08-15,36.886436633448696,37.032540260306014,36.55126216031091,36.90362548828125,780300,0.0,0
2014-08-18,37.25598560506556,37.53100070180457,36.92940722671208,37.29036331176758,670200,0.0,0
2014-08-19,37.34193172036514,37.63413568492018,37.29896122407972,37.58256912231445,497400,0.0,0
2014-08-20,37.58257554670577,38.07244650066359,37.488038471654384,38.01228713989258,558800,0.0,0
2014-08-21,38.055254406693514,38.562314174663015,37.874776339731234,38.399024963378906,711600,0.0,0
2014-08-22,38.364641733778186,38.476367640396504,38.11540827995215,38.175567626953125,481700,0.0,0
2014-08-25,38.30448482783714,38.33026647006956,38.003688073663184,38.20135498046875,388400,0.0,0
2014-08-26,38.30448370339416,38.75997685446891,38.30448370339416,38.631065368652344,580100,0.0,0
2014-08-27,38.71701233553769,38.82014219579774,38.40761947631836,38.40761947631836,1030700,0.0,0
2014-08-28,38.16697626073793,38.32167266691164,37.98649821301482,38.04665756225586,696500,0.0,0
2014-08-29,38.17556242434801,38.38182535626913,38.003680472591505,38.25291061401367,467600,0.0,0
2014-09-02,38.38182797515041,38.639654198815336,38.07243519537718,38.2958869934082,1201800,0.0,0
2014-09-03,38.562306163804074,38.58809108118432,38.20135010486383,38.36463928222656,616300,0.0,0
2014-09-04,38.39051722617277,38.56302077648542,38.16626491392841,38.174888610839844,826900,0.16,0
2014-09-05,38.13176123895193,38.28701409581779,37.85575689124182,37.95063400268555,425700,0.0,0
2014-09-08,37.90752154961709,38.01964938136919,37.67464218685463,37.87302017211914,714400,0.0,0
2014-09-09,37.89026360029012,37.9678900396694,37.62288291126553,37.72638702392578,449900,0.0,0
2014-09-10,37.66599921954391,37.83850274362564,37.48487199986207,37.74362564086914,754000,0.0,0
2014-09-11,37.54525083115641,38.10588650802587,37.54525083115641,38.097259521484375,533500,0.0,0
2014-09-12,38.09727455961854,38.10590154956537,37.78677201641791,37.967899322509766,988400,0.0,0
2014-09-15,37.9419987615296,38.140376620445544,37.76949527414128,37.90749740600586,562900,0.0,0
2014-09-16,37.674626205375084,38.011006267707366,37.49349898569324,37.74362564086914,777100,0.0,0
2014-09-17,37.74361280706714,38.200747483980784,37.734989114399305,38.02824401855469,487100,0.0,0
2014-09-18,38.114513472140935,38.347392775257674,38.080015393711186,38.218017578125,359800,0.0,0
2014-09-19,38.35601700959724,38.45951781792109,37.5193769758817,37.657379150390625,1004900,0.0,0
2014-09-22,37.50211768787464,37.63149613626692,37.07948756489035,37.10536193847656,481400,0.0,0
2014-09-23,37.01048957114183,37.03636394802979,36.492982291996526,36.50160598754883,501000,0.0,0
2014-09-24,36.49299210724381,36.79487088623414,36.32911223559312,36.682743072509766,586200,0.0,0
2014-09-25,36.536108381582835,36.65685986410998,35.88059563324814,35.94097137451172,658500,0.0,0
2014-09-26,35.99272335237293,36.39810614886501,35.93234761122276,36.337730407714844,635900,0.0,0
2014-09-29,35.95823123191673,36.51024332040566,35.95823123191673,36.199737548828125,608100,0.0,0
2014-09-30,36.19110167072314,36.337730822498074,35.70809573600845,35.79434585571289,1069700,0.0,0
2014-10-01,35.69084844629812,35.81159994145375,35.0008375523863,35.078460693359375,964200,0.0,0
2014-10-02,35.00084056647576,35.26821796013653,34.50058056891525,35.009464263916016,488300,0.0,0
2014-10-03,35.18196274201808,35.250962182266946,34.88870771794001,35.04396057128906,603100,0.0,0
2014-10-06,35.14747888995573,35.43211035966472,35.0784761250931,35.26823043823242,533900,0.0,0
2014-10-07,35.00083193696283,35.423462102202095,34.793827056884766,34.793827056884766,745000,0.0,0
2014-10-08,34.80245965374783,35.25959458785924,34.27632855901459,35.24234390258789,605500,0.0,0
2014-10-09,35.14745384264288,35.1647045215651,34.328064690105705,34.4143180847168,571900,0.0,0
2014-10-10,34.155566182194654,34.155566182194654,32.00790734111963,32.06828308105469,2111900,0.0,0
2014-10-13,32.085538633701155,32.171788763779645,31.438652787417787,31.516279220581055,1185800,0.0,0
2014-10-14,31.593909100533057,32.30979447093358,31.53353334484501,31.66290855407715,1310500,0.0,0
2014-10-15,31.076386879790856,32.559912419042234,30.645129761657845,32.258033752441406,1861000,0.0,0
2014-10-16,31.516279375820414,32.63754752352162,31.36965020568686,32.473670959472656,1367500,0.0,0
2014-10-17,32.80142445880102,33.63806455312464,32.80142445880102,33.50868606567383,1211300,0.0,0
2014-10-20,33.50868734268703,33.9916966519817,33.49143994791913,33.95719528198242,1133400,0.0,0
2014-10-21,34.1124492173564,35.21647006003682,34.052073463096356,35.181968688964844,816900,0.0,0
2014-10-22,35.19057857236941,35.26820498169278,34.53506923048468,34.560943603515625,951900,0.0,0
2014-10-23,36.225597943345214,36.59647932836458,35.33720933237033,35.492462158203125,1737200,0.0,0
2014-10-24,35.48384559243248,36.23423227747332,35.48384559243248,36.03585433959961,1276700,0.0,0
2014-10-27,35.940976260906936,36.251481995466825,35.75984901249086,35.82022476196289,1024000,0.0,0
2014-10-28,35.94096537818315,36.881105994161665,35.8978403259371,36.87248229980469,1077000,0.0,0
2014-10-29,36.87248912766467,37.25199426402758,36.41535756679217,36.74311065673828,1460300,0.0,0
2014-10-30,36.544732008735096,36.76898758177668,36.1997282436243,36.337730407714844,1211200,0.0,0
2014-10-31,37.12261804771634,38.080009493215755,37.079492988687676,37.30374526977539,1783200,0.0,0
2014-11-03,37.31238205734864,37.407259194640076,37.03637763444572,37.12263107299805,1082300,0.0,0
2014-11-04,37.07087971349641,37.3382604427353,37.03637833742062,37.14850616455078,629500,0.0,0
2014-11-05,37.467622985229504,37.61425213880284,37.09674154353549,37.60562515258789,481600,0.0,0
2014-11-06,37.63150477086751,37.91613281631595,37.50212629278916,37.657379150390625,403700,0.0,0
2014-11-07,37.95063739853019,37.95063739853019,37.45900440454049,37.67463302612305,576800,0.0,0
2014-11-10,37.7608791530321,37.950633372769964,37.38999770003425,37.58837890625,553500,0.0,0
2014-11-11,37.527994595420175,37.82987656530891,37.34686738762544,37.812625885009766,431900,0.0,0
2014-11-12,37.622889027617994,38.045522664108695,37.5107644893557,37.993770599365234,450900,0.0,0
2014-11-13,36.76898589249433,37.286493161500175,36.24285163787417,36.475730895996094,956900,0.0,0
2014-11-14,36.47572858866943,37.165739333773224,36.47572858866943,36.96736145019531,516300,0.0,0
2014-11-17,36.83799103021299,37.35550166958066,36.83799103021299,37.24337387084961,490400,0.0,0
2014-11-18,37.23473948149278,38.209381528509276,37.23473948149278,38.10588073730469,827100,0.0,0
2014-11-19,38.01963321621935,38.05413128881699,37.16574258248004,37.36412048339844,514500,0.0,0
2014-11-20,37.15711793810284,37.674625206394744,37.122616576155124,37.52799606323242,358900,0.0,0
2014-11-21,37.94201333563871,38.30426783709438,37.75225909760101,37.821258544921875,543200,0.0,0
2014-11-24,37.90751257875764,38.028264081192006,37.493506017454806,37.86438751220703,725200,0.0,0
2014-11-25,37.95063329004747,38.14038750937172,37.674628947520176,37.92475891113281,489000,0.0,0
2014-11-26,37.9678882566664,37.9678882566664,37.52800402409719,37.76088333129883,406500,0.0,0
2014-11-28,37.73491423040789,38.14178405581133,37.50983934330622,37.908050537109375,306500,0.16,0
2014-12-01,37.7955014844046,38.011920985186194,37.50117083124967,37.71759033203125,512900,0.0,0
2014-12-02,37.70893925035139,38.05520850920584,37.631028089206666,37.873416900634766,402400,0.0,0
2014-12-03,37.873406368910274,39.04207015880278,37.830123136377026,38.99878692626953,807300,0.0,0
2014-12-04,39.128650100738184,39.2671584622401,38.37551109146528,38.53133010864258,463300,0.0,0
2014-12-05,38.60924929855271,38.782385612014934,38.3062632267192,38.75641632080078,794500,0.0,0
2014-12-08,38.60924583516035,38.938204470999715,38.349543039413575,38.47073745727539,511100,0.0,0
2014-12-09,37.82147175370846,38.66983582261185,37.60505224728516,38.62655258178711,588100,0.0,0
2014-12-10,38.49672366349782,38.6352320903687,37.51850604117769,37.53582000732422,439300,0.0,0
2014-12-11,38.124468513373046,38.46208248117031,37.56177636551077,37.65700149536133,627400,0.0,0
2014-12-12,37.37132368617572,37.37132368617572,36.95579857561331,37.09430694580078,762000,0.0,0
2014-12-15,37.25878279677912,37.5617687830498,36.46235730068257,36.47101593017578,703500,0.0,0
2014-12-16,36.35847545549857,37.17221157448431,36.19399782678959,36.22862243652344,884300,0.0,0
2014-12-17,36.263245562239234,36.99041510746344,36.05548472206032,36.86922073364258,678200,0.0,0
2014-12-18,37.50118104782998,37.760883859059746,37.13759777256839,37.69163131713867,647600,0.0,0
2014-12-19,37.57909054434388,37.959987763662106,37.57909054434388,37.66565704345703,1211800,0.0,0
2014-12-22,37.73490428836972,38.12446005023648,36.3238482186299,37.71759033203125,1035500,0.0,0
2014-12-23,38.08118568157956,38.24566335166094,37.81282424926758,37.81282424926758,1002500,0.0,0
2014-12-24,37.82149023154091,38.14179363518855,37.7089544108767,37.94268798828125,268700,0.0,0
2014-12-26,38.1504309696801,38.236997452785346,37.92535613222667,37.9686393737793,721100,0.0,0
2014-12-29,37.96864076372594,38.41013512740425,37.96864076372594,38.14177703857422,495700,0.0,0
2014-12-30,38.063871512977904,38.28029106299065,37.726257543326064,37.73491287231445,385300,0.0,0
2014-12-31,37.91669816334174,37.91669816334174,37.21550105198983,37.24147033691406,542100,0.0,0
2015-01-02,37.52716318335634,37.665671616908675,36.81730704861297,37.05104064941406,661300,0.0,0
2015-01-05,36.89522102692617,37.094326708755574,36.55760690111538,36.58357620239258,719000,0.0,0
2015-01-06,36.56625616082237,36.56625616082237,35.35430511000299,35.57938003540039,1123700,0.0,0
2015-01-07,35.795788543680416,36.00355274318583,35.475488567480326,35.804447174072266,562400,0.0,0
2015-01-08,36.19401212945928,36.869240169438946,36.08147302202908,36.6528205871582,598300,0.0,0
2015-01-09,36.687439056044866,36.78266417607057,36.055494434955996,36.39310836791992,556400,0.0,0
2015-01-12,36.29788355544521,36.43639192148347,35.66593892900189,36.17668914794922,708300,0.0,0
2015-01-13,36.5402702231016,37.22415668498228,35.665936833047624,36.06414794921875,671000,0.0,0
2015-01-14,35.63996800698932,36.13340759277344,35.49280430594675,36.13340759277344,677000,0.0,0
2015-01-15,36.24594337910159,36.358482463752466,35.423548472437645,35.466835021972656,616900,0.0,0
2015-01-16,35.267730591746016,36.11609481392751,35.22444404080088,36.09012222290039,610100,0.0,0
2015-01-20,36.133408449164705,36.31520007322005,35.54474702644251,35.778480529785156,655700,0.0,0
2015-01-21,35.63131257335137,36.47102143679974,35.44952095414092,36.427738189697266,823800,0.0,0
2015-01-22,36.85191592386558,37.44057728760028,36.16802944212971,37.414608001708984,1601100,0.0,0
2015-01-23,37.48386053478356,37.58774098065761,37.0337075329296,37.34535217285156,1153900,0.0,0
2015-01-26,37.2068541022492,37.657007228614475,36.73073168280733,37.622379302978516,898400,0.0,0
2015-01-27,37.02505814730598,37.388641417367396,36.69609949655967,36.722068786621094,802900,0.0,0
2015-01-28,37.26744538475347,37.5271481810545,36.522961613670375,36.54027557373047,832900,0.0,0
2015-01-29,36.60954880597157,36.947162931782366,35.96028985562718,36.58357620239258,736900,0.0,0
2015-01-30,36.35848054793059,36.89520005042273,35.934296821859434,36.02952194213867,760800,0.0,0
2015-02-02,36.2026638433351,36.37580015232469,35.48415261913389,36.28923034667969,996300,0.0,0
2015-02-03,36.54893467477624,37.68297100373971,36.445050913080145,37.66565704345703,902900,0.0,0
2015-02-04,37.258791590835884,37.79551116560944,37.18953574774234,37.4578971862793,579000,0.0,0
2015-02-05,37.518494672606124,38.00327567091021,37.25013323210379,37.908050537109375,571300,0.0,0
2015-02-06,37.94266790805885,38.366848274108776,37.91669532278067,38.21968460083008,698400,0.0,0
2015-02-09,37.99461587972072,38.20238010188166,37.63103261881444,37.81282424926758,600200,0.0,0
2015-02-10,38.089844916913584,38.228353311792155,37.66566110005387,38.115814208984375,961500,0.0,0
2015-02-11,38.08984489723062,38.323578432648794,37.96865046456208,38.1850700378418,807500,0.0,0
2015-02-12,38.245665490423235,38.82566833496094,38.245665490423235,38.82566833496094,547500,0.0,0
2015-02-13,38.86895589090657,39.275822434827575,38.6958195753463,39.21522521972656,557400,0.0,0
2015-02-17,39.21522254712076,39.47492535161156,38.825666689234396,39.379703521728516,568800,0.0,0
2015-02-18,39.232540525409654,39.4662740640774,39.016120949121074,39.388362884521484,437700,0.0,0
2015-02-19,39.16328322792807,39.54418044716724,38.92954971761076,39.44029998779297,442000,0.0,0
2015-02-20,39.26716001304236,39.760596276774244,38.99879860727767,39.743282318115234,549800,0.0,0
2015-02-23,39.570144349881915,39.85581970214844,39.119991350804234,39.85581970214844,459300,0.0,0
2015-02-24,39.777907734202074,40.254030009336425,39.75193514669674,40.1414909362793,576600,0.0,0
2015-02-25,40.11553595345852,40.15881921166619,39.873147065654834,40.12419128417969,380800,0.0,0
2015-02-26,40.02029791304043,40.4271676741973,39.907758836109835,40.38388442993164,510700,0.0,0
2015-02-27,40.26227012058897,40.26227012058897,39.567344846820504,39.79319763183594,905600,0.16,0
2015-03-02,39.75845944111975,40.55762285645924,39.51523636926265,40.42732620239258,642600,0.0,0
2015-03-03,40.427320071447234,40.59236380036854,40.15803505868217,40.52287292480469,1112900,0.0,0
2015-03-04,40.244902795218636,40.55761670575395,39.78451207573866,40.52287292480469,627000,0.0,0
2015-03-05,40.540242607433534,40.57498970157585,40.05379654410226,40.436004638671875,706300,0.0,0
2015-03-06,40.253600391692196,40.51419705476263,39.5760484049758,39.6802864074707,545500,0.0,0
2015-03-09,39.315437797215345,40.16672508067629,39.28069401488944,40.05379867553711,735300,0.0,0
2015-03-10,39.576030147783555,39.67157967301966,38.85504295510554,38.863731384277344,795200,0.0,0
2015-03-11,38.9853515625,39.24594816336764,38.6813194334331,38.9853515625,472700,0.0,0
2015-03-12,39.02877327182247,39.237249170935776,38.61181815993118,38.99402618408203,629700,0.0,0
2015-03-13,38.97665515095717,38.99402869594654,38.07325400716431,38.55970001220703,645500,0.0,0
2015-03-16,38.707376274299655,39.10695789682602,38.62050854309928,39.08958435058594,591200,0.0,0
2015-03-17,38.941919464043785,39.254633397817756,38.52496092501401,39.185142517089844,911300,0.0,0
2015-03-18,39.1417081937173,39.97561859951985,38.87242317544828,39.59341049194336,694600,0.0,0
2015-03-19,39.3849279558027,39.697645160368744,39.09826941372879,39.654212951660156,339900,0.0,0
2015-03-20,39.897438524115984,40.71397536654332,39.732394794997305,40.609737396240234,1218300,0.0,0
2015-03-23,40.609742333871026,41.06144467832616,40.44469858468511,40.93114471435547,755900,0.0,0
2015-03-24,40.84428146000438,40.8877136780266,40.42732620239258,40.42732620239258,447900,0.0,0
2015-03-25,40.44469379518427,40.59236397744245,38.611825967085906,38.65525817871094,792700,0.0,0
2015-03-26,38.307791810360676,38.446776868329536,37.526002101910244,37.76054000854492,1428400,0.0,0
2015-03-27,37.79529011241379,38.16881313952229,37.3522762015249,37.97771072387695,959400,0.0,0
2015-03-30,38.255681875700056,39.07221883481477,38.10800835914081,38.95060729980469,892000,0.0,0
2015-03-31,38.75081103248522,38.811616791493336,38.49889956592855,38.65525817871094,1016200,0.0,0
2015-04-01,38.58576842201973,38.646577501679104,37.74317281596524,38.0645751953125,655300,0.0,0
2015-04-02,38.04718681299484,38.37727749517651,37.91689021394785,38.0124397277832,676200,0.0,0
2015-04-06,37.708427903565145,38.66394997915206,37.60418991491306,38.64657974243164,857900,0.0,0
2015-04-07,38.51627948526023,38.62051747313801,38.00377135050112,38.108009338378906,577100,0.0,0
2015-04-08,38.09931981864054,38.74212453557007,37.93427276709648,38.698692321777344,772000,0.0,0
2015-04-09,38.56839630663429,39.10696305647289,38.41203768350928,38.95928955078125,800400,0.0,0
2015-04-10,38.863745784677896,39.11565399169922,38.43810206649349,39.11565399169922,741400,0.0,0
2015-04-13,39.011415702981964,39.037474372625894,38.42941665649414,38.42941665649414,787500,0.0,0
2015-04-14,38.41202030936581,38.516258239746094,38.08192966388683,38.516258239746094,712400,0.0,0
2015-04-15,38.56839493696145,39.228573189415684,38.4554685323447,39.002723693847656,952800,0.0,0
2015-04-16,38.794245842153124,38.9853515625,38.57708145581916,38.9853515625,757500,0.0,0
2015-04-17,38.49890450219195,38.5683987006347,37.87346997087023,38.12538146972656,644000,0.0,0
2015-04-20,38.385967189772714,38.93322224932767,38.35122341407996,38.863731384277344,913800,0.0,0
2015-04-21,39.08958210458903,39.35017865588663,38.716059166051984,39.27199935913086,987800,0.0,0
2015-04-22,39.272009518239,39.65422098510208,38.69001051357501,39.515235900878906,1180400,0.0,0
2015-04-23,38.42071258976956,38.74211486803301,37.62154945167347,38.00375747680664,1917100,0.0,0
2015-04-24,37.64761361342486,37.795283787788264,37.39570216033593,37.76054000854492,1048400,0.0,0
2015-04-27,37.69973908143408,37.99508278165419,37.6041862205297,37.88215637207031,1194000,0.0,0
2015-04-28,37.81266257367524,38.05588894407178,37.621560163529075,37.74317169189453,1117200,0.0,0
2015-04-29,37.517315340861146,38.3425406089911,37.517315340861146,38.14274978637695,791100,0.0,0
2015-04-30,37.88214854294213,38.064565795878075,36.83107391755135,37.03086471557617,1334400,0.0,0
2015-05-01,37.23067641186313,38.35993096719276,37.23067641186313,38.238319396972656,1352900,0.0,0
2015-05-04,38.281745960880905,38.57708972212806,38.04720797574349,38.39467239379883,948300,0.0,0
2015-05-05,38.37727825494757,38.707368943664186,38.18617259616461,38.29909896850586,1271900,0.0,0
2015-05-06,38.438088049090574,38.60313175400913,38.116685754811336,38.585758209228516,923300,0.0,0
2015-05-07,38.507588428789006,38.802928796621245,38.40334714332016,38.6031379699707,734200,0.0,0
2015-05-08,39.13302551998494,39.228578389352364,38.855055343824716,38.87242889404297,473500,0.0,0
2015-05-11,38.79424809179039,38.96798027366522,38.61183079197141,38.77687454223633,758200,0.0,0
2015-05-12,38.59444808959961,38.69868604853779,38.134060733429784,38.59444808959961,571900,0.0,0
2015-05-13,38.750814207280335,39.2459487504351,38.70738199209697,39.15908432006836,439600,0.0,0
2015-05-14,39.45441130626962,39.914801909084126,39.28936761917127,39.74106979370117,662000,0.0,0
2015-05-15,39.61946585922723,39.854003762651764,39.167763598594625,39.654212951660156,446200,0.0,0
2015-05-18,39.549972929426715,40.13197514831928,39.47179362580429,40.08854293823242,418000,0.0,0
2015-05-19,40.0277389000544,40.20146774786124,39.69764812462376,39.81925964355469,615200,0.0,0
2015-05-20,39.784512081824005,40.11460285338243,39.671585681141984,39.84531784057617,269700,0.0,0
2015-05-21,39.81926667534035,39.81926667534035,39.50654939219992,39.55867004394531,828000,0.0,0
2015-05-22,39.38492442897212,39.55865656191428,39.35886576881348,39.40229797363281,398600,0.0,0
2015-05-26,39.12434058880175,39.30675789646686,38.220935855128,38.30780029296875,1047300,0.0,0
2015-05-27,38.37728672791637,38.924541853831784,38.264360330643136,38.78555679321289,771900,0.0,0
2015-05-28,38.75949874505996,39.080904422673434,38.75081362761944,38.9853515625,474800,0.0,0
2015-05-29,39.02021809726661,39.12483234032946,38.1746079150624,38.36639404296875,1118900,0.16,0
2015-06-01,38.479713021976856,38.54945582992394,38.104853743061526,38.4186897277832,624900,0.0,0
2015-06-02,38.192039489746094,38.453568418062794,37.92179104602374,38.192039489746094,805400,0.0,0
2015-06-03,38.44485679640267,38.69766958674362,38.18332781438715,38.5843391418457,803900,0.0,0
2015-06-04,38.31409127310404,38.497161215085434,37.81718524457099,37.939231872558594,685300,0.0,0
2015-06-05,37.782312618651694,37.89564305194647,37.47719605845933,37.651546478271484,935900,0.0,0
2015-06-08,37.71256646956437,37.84333259843009,37.11104959292783,37.27668380737305,775900,0.0,0
2015-06-09,37.31155611251617,37.503345552642585,37.058743364262426,37.337711334228516,1235100,0.0,0
2015-06-10,37.625397686879616,37.72129242100634,37.311561584472656,37.311561584472656,1283400,0.0,0
2015-06-11,37.37257133418668,37.72999491538995,37.302831850925635,37.660255432128906,752900,0.0,0
2015-06-12,37.51206716016643,37.67770472802191,37.39002052628641,37.529502868652344,522400,0.0,0
2015-06-15,37.1633617922467,37.58180880611702,36.954136622550905,37.398738861083984,712900,0.0,0
2015-06-16,37.39874130931069,37.59052745810533,37.11977661513532,37.494632720947266,681700,0.0,0
2015-06-17,37.62539464684917,37.72128937322786,37.328994276915545,37.4336051940918,603700,0.0,0
2015-06-18,37.47719566771647,37.75616032713271,37.40745284010189,37.64282989501953,756200,0.0,0
2015-06-19,37.668980978574226,37.773595217735355,37.42488773824023,37.468475341796875,1041200,0.0,0
2015-06-22,37.77360104531849,37.89564768431443,37.60796347051986,37.878211975097656,811100,0.0,0
2015-06-23,37.98282457170861,38.00026028169053,37.74744747523512,37.90436553955078,718600,0.0,0
2015-06-24,38.078720813030294,38.34896934010747,37.48591995239258,37.48591995239258,838900,0.0,0
2015-06-25,37.642830504220946,37.642830504220946,37.05002976198746,37.10233688354492,659000,0.0,0
2015-06-26,37.050027728834024,37.23309765595736,36.631580755900295,36.692604064941406,1857600,0.0,0
2015-06-29,36.32646064596558,36.52696960351852,35.96903698442658,35.97775650024414,1123100,0.0,0
2015-06-30,36.30902615589768,36.40491754567339,35.82083638962533,35.83827209472656,1130100,0.0,0
2015-07-01,36.265435641600185,36.34389465268502,35.812120605910835,35.899295806884766,689800,0.0,0
2015-07-02,35.94288418183625,36.387486362737135,35.87314468465857,36.29159164428711,1058400,0.0,0
2015-07-06,36.003908450989925,36.25672120174611,35.55930958372983,35.75981521606445,850400,0.0,0
2015-07-07,35.89930081515904,36.09980646578802,35.07984250491175,36.08237075805664,1267000,0.0,0
2015-07-08,35.56801649056036,35.864416766545034,35.11469822578851,35.24546432495117,1183200,0.0,0
2015-07-09,35.63776360061633,35.7510906863549,34.80086645084575,34.818302154541016,1076800,0.0,0
2015-07-10,35.18445626600469,35.40239764195811,35.0275382092765,35.297786712646484,729000,0.0,0
2015-07-13,35.6900741851829,35.6900741851829,35.13214486272995,35.3500862121582,886800,0.0,0
2015-07-14,35.33265130935191,35.672639290115114,35.33265130935191,35.52444076538086,835000,0.0,0
2015-07-15,35.44597965971864,35.53315486613775,35.07983980213322,35.33264923095703,733900,0.0,0
2015-07-16,35.64649170975389,35.70751503033306,35.254196559229506,35.41983413696289,654000,0.0,0
2015-07-17,35.306497334135486,35.46341536610665,35.10599169895477,35.33264923095703,892300,0.0,0
2015-07-20,35.45469249840661,35.49828342301621,35.16701168400297,35.28034210205078,708200,0.0,0
2015-07-21,35.21932688942213,35.4895720611715,34.940362200539376,35.01881790161133,893700,0.0,0
2015-07-22,34.713702371695575,34.78344520880524,34.399866255745096,34.64396286010742,1589500,0.0,0
2015-07-23,34.72242247865265,35.48085755472957,34.670115349932274,35.14958572387695,917000,0.0,0
2015-07-24,35.07982881541839,35.31520246413709,34.513180174601,34.52189636230469,664000,0.0,0
2015-07-27,34.31267758755783,34.54805458227519,33.911666407900206,34.4521598815918,677500,0.0,0
2015-07-28,34.67883307182663,35.72495241373319,34.50448261944363,35.498294830322266,1217000,0.0,0
2015-07-29,35.51571315620263,36.27414789449459,35.45468653711423,36.230560302734375,885400,0.0,0
2015-07-30,36.099806392017086,36.46594960258529,36.02134737014684,36.30031204223633,718500,0.0,0
2015-07-31,36.526966934582745,36.823367265825226,36.25671849784027,36.37876510620117,743300,0.0,0
2015-08-03,36.34389972298482,36.544405373613806,35.93417223062179,36.08237075805664,1075600,0.0,0
2015-08-04,36.02134324301326,36.46594542451155,35.681355295703284,36.07365036010742,1289500,0.0,0
2015-08-05,36.858241968856035,38.601772859727504,36.46595017882696,38.22691345214844,2750700,0.0,0
2015-08-06,38.64537394824358,38.915619179014264,37.43361686720584,37.817195892333984,1648700,0.0,0
2015-08-07,37.65154902414507,38.07871556281906,37.60796141624478,37.68642044067383,1127300,0.0,0
2015-08-10,38.11357916870559,38.61048511308451,37.90435403793101,38.39254379272461,905900,0.0,0
2015-08-11,38.01768754057852,38.49715781917239,37.651544363392766,37.834617614746094,857400,0.0,0
2015-08-12,37.398743455083626,37.834626230431816,36.64902454940127,37.520790100097656,1142700,0.0,0
2015-08-13,37.58180196773981,37.84333088813086,37.18079073477217,37.19822311401367,1091300,0.0,0
2015-08-14,37.485916529169934,37.55565936547451,37.14592851598881,37.494632720947266,895100,0.0,0
2015-08-17,37.41617265058969,38.069996757885356,37.163363189831614,38.02640914916992,1052500,0.0,0
2015-08-18,37.94794828678616,37.94794828678616,37.224384705666864,37.28540802001953,792800,0.0,0
2015-08-19,37.32899139064989,37.61667554754231,36.81464970981383,37.17207336425781,1029700,0.0,0
2015-08-20,36.866947980697674,37.13719304145441,36.28286361694336,36.28286361694336,1124900,0.0,0
2015-08-21,36.03878435694433,36.370056163878665,35.20189031097253,35.21932601928711,1533700,0.0,0
2015-08-24,33.11836191795344,35.419821549083466,31.749687473533463,33.87679672241211,1534900,0.0,0
2015-08-25,35.15830196943483,35.15830196943483,33.65886434087731,33.676300048828125,1597000,0.0,0
2015-08-26,34.51319385975861,35.64648826524691,33.911676904093284,35.42854690551758,1534500,0.0,0
2015-08-27,35.9864758879238,36.579276646393346,35.724946924015754,36.570560455322266,974500,0.0,0
2015-08-28,36.6926141277971,37.27669548180796,36.274167040105326,36.84081268310547,1036300,0.0,0
2015-08-31,36.73618783154299,37.40744748641923,36.39619990938295,36.96284866333008,864800,0.0,0
2015-09-01,36.117242329398834,36.46594983448888,35.54187727386512,35.698795318603516,782400,0.0,0
2015-09-02,36.30031130623124,36.30031130623124,35.550592518121185,35.908016204833984,1316300,0.0,0
2015-09-03,36.09981813779886,36.80594956438472,36.02135909040044,36.41365432739258,703900,0.0,0
2015-09-04,36.10728086258282,36.32611286781059,35.80966920190859,36.05475997924805,925900,0.17,0
2015-09-08,36.75502222211406,37.21894496876971,36.46616239480013,37.21018981933594,1093900,0.0,0
2015-09-09,37.647857509039646,37.84043074624201,36.75502584718308,36.825050354003906,1035200,0.0,0
2015-09-10,36.790028497626814,37.58657670822583,36.52743081023025,37.271461486816406,1015500,0.0,0
2015-09-11,37.19268656160373,37.76164773323838,37.07889299163232,37.551570892333984,720400,0.0,0
2015-09-14,37.551568048628106,37.62159254392303,37.21894251342218,37.341487884521484,544800,0.0,0
2015-09-15,37.57783104844896,38.41814512127765,37.481544434853966,38.409393310546875,1354900,0.0,0
2015-09-16,38.27808825391151,38.77702488440726,38.23432252720522,38.514427185058594,941000,0.0,0
2015-09-17,38.514424142568096,38.65447646043119,37.92795610498847,38.06800842285156,867100,0.0,0
2015-09-18,37.50780023183952,37.60408683779911,36.781279790790755,36.88631820678711,1679900,0.0,0
2015-09-21,37.140158595914464,37.65660212834722,37.04387200424064,37.20143127441406,863200,0.0,0
2015-09-22,36.51868879799863,36.658741158123455,36.15104926572618,36.31736373901367,752100,0.0,0
2015-09-23,36.229828474438925,36.36112902127721,35.8359301730357,36.02850341796875,616400,0.0,0
2015-09-24,35.62584807027065,36.1422916919787,35.3369882453153,35.9497184753418,723700,0.0,0
2015-09-25,36.299846471823734,36.597458069992086,35.94096219218931,36.20355987548828,704500,0.0,0
2015-09-28,35.923456691270516,36.063509017315766,35.38950615475086,35.503299713134766,927200,0.0,0
2015-09-29,35.4682861340139,35.914701884054715,35.196933288860706,35.83592224121094,949800,0.0,0
2015-09-30,36.3261100920908,37.43777699439752,36.3261100920908,37.3589973449707,1410400,0.0,0
2015-10-01,37.306473376926796,37.61284013893761,36.56244601324932,37.25395584106445,1260300,0.0,0
2015-10-02,36.74626068034458,38.076759338378906,36.71124676692275,38.076759338378906,792900,0.0,0
2015-10-05,38.50568024799446,39.19718683132556,38.19056163325557,39.17967987060547,829600,0.0,0
2015-10-06,39.232205035958984,39.60859638475521,38.90833457505701,39.030879974365234,1194900,0.0,0
2015-10-07,39.24095901246428,39.97623138630908,39.15342420192685,39.58233642578125,901200,0.0,0
2015-10-08,39.57358196975245,40.18631229782246,39.24971151285852,40.05501174926758,574900,0.0,0
2015-10-09,40.00249421229403,40.30885770685867,39.416022658126735,39.617347717285156,1017800,0.0,0
2015-10-12,39.661112553909504,39.7924097493563,39.28472124989499,39.6260986328125,740000,0.0,0
2015-10-13,39.42477139786807,40.00248770732489,39.28471906039705,39.6523551940918,911400,0.0,0
2015-10-14,39.713623990209854,40.58020003900664,39.381001808265125,39.99372863769531,1013100,0.0,0
2015-10-15,39.993725579813585,40.09001217110801,39.258450101605035,39.54730987548828,1072600,0.0,0
2015-10-16,39.48604699401433,40.019997613407405,39.21469410932452,39.37225341796875,1038500,0.0,0
2015-10-19,39.3022258330415,39.5123026686933,39.1008974684678,39.2672119140625,1218000,0.0,0
2015-10-20,39.2409587103175,39.477294349169824,39.1621790509962,39.38976287841797,891400,0.0,0
2015-10-21,39.55606779214091,39.92370725756856,39.31097704126317,39.31972885131836,785100,0.0,0
2015-10-22,39.809926670779845,40.05501750156063,39.42478345967973,39.98499298095703,779500,0.0,0
2015-10-23,40.230064873111424,40.378872335398974,39.888687565483686,40.3701171875,652700,0.0,0
2015-10-26,40.2038123736836,40.36137166931629,39.792407175185886,40.09877395629883,767800,0.0,0
2015-10-27,39.906197240616514,40.27383333876375,39.55606476123846,40.14253616333008,997800,0.0,0
2015-10-28,39.5297972961902,39.80990188241661,38.60194876737144,39.42475891113281,1946600,0.0,0
2015-10-29,40.38762245141666,40.457650275231146,38.987099366231206,39.22343826293945,1470500,0.0,0
2015-10-30,39.7661361694336,39.99371989359077,39.04836774979397,39.766136169433594,1529000,0.0,0
2015-11-02,39.78365004178047,40.002481996532715,39.37224489833084,39.87118148803711,1345200,0.0,0
2015-11-03,39.80115855388724,39.993728410997704,39.59983354834267,39.608585357666016,2147800,0.0,0
2015-11-04,39.713625307106945,40.61521530151368,39.56482116905695,40.61521530151367,1401000,0.0,0
2015-11-05,40.53643798828125,40.78152874226919,40.40513746200995,40.53643798828125,1268500,0.0,0
2015-11-06,40.44015318746022,41.096649169921875,40.34386657577471,41.096649169921875,1387400,0.0,0
2015-11-09,40.790281874924666,41.017869015958865,40.12503409005564,40.5189323425293,721300,0.0,0
2015-11-10,40.33511394465635,40.597711664476584,39.871187855892394,40.326358795166016,1008900,0.0,0
2015-11-11,40.440156632253775,40.69400256848221,40.26509035419584,40.46641540527344,564700,0.0,0
2015-11-12,40.10752198320969,40.10752198320969,39.08338999731206,39.11840057373047,1197800,0.0,0
2015-11-13,38.96959579200292,39.24094862416602,38.74200868396659,38.88206100463867,790800,0.0,0
2015-11-16,38.759515926245136,39.44227391626034,38.759515926245136,39.416011810302734,615500,0.0,0
2015-11-17,39.48604509178946,39.63484924327856,39.074639879136434,39.30222702026367,836100,0.0,0
2015-11-18,39.4685280159071,39.94995760613091,39.17091645009614,39.91494369506836,892700,0.0,0
2015-11-19,39.92370681072524,40.28259112296987,39.69611968250513,40.10752487182617,755500,0.0,0
2015-11-20,40.30884184674614,40.405128432612976,39.862426167584886,39.91494369506836,935500,0.0,0
2015-11-23,39.80991878842055,40.14254437798617,39.617345551443904,39.941219329833984,710800,0.0,0
2015-11-24,39.63484173757503,39.75738709538564,39.23219175073715,39.53855514526367,1334000,0.0,0
2015-11-25,39.47728234854202,39.879935673288784,39.4597787310018,39.5910758972168,563700,0.0,0
2015-11-27,39.63500864124788,40.1534005904777,39.36263207412435,39.99524688720703,305800,0.17,0
2015-11-30,40.1182572782033,40.179761127869064,39.6965151583345,39.819522857666016,1034600,0.0,0
2015-12-01,39.995252739852404,40.285199003805346,39.71409130438525,40.241268157958984,1239600,0.0,0
2015-12-02,40.20613511014433,40.38186190192377,39.68774291783536,39.7228889465332,726100,0.0,0
2015-12-03,40.02160691523179,40.03917992230423,38.984822959916706,39.22205352783203,1027700,0.0,0
2015-12-04,39.222053160880016,40.08311038912328,39.05511462281628,40.07432556152344,803800,0.0,0
2015-12-07,40.05674362346262,40.05674362346262,39.30990943078341,39.5734977722168,941500,0.0,0
2015-12-08,39.037550451695004,39.468077487408245,38.87939670543447,39.23085021972656,852900,0.0,0
2015-12-09,39.15176698836446,39.58229395416029,38.536725114090416,38.659732818603516,747900,0.0,0
2015-12-10,38.63337850632937,39.09026670170176,38.36100188455674,38.76517105102539,696600,0.0,0
2015-12-11,38.308283937390804,39.24841819328022,38.299499108179894,38.94089889526367,1166000,0.0,0
2015-12-14,39.01118382367666,39.019968651286014,38.20284226357313,38.4664306640625,1419700,0.0,0
2015-12-15,38.74760490248761,39.49444286151092,38.74760490248761,39.186920166015625,1102100,0.0,0
2015-12-16,39.45048666582276,39.64378297845534,38.90573367572074,39.309906005859375,601200,0.0,0
2015-12-17,39.41535126071312,39.432924266896904,38.48400204322196,38.49279022216797,708300,0.0,0
2015-12-18,38.3697734603156,38.378561637951826,37.78987774951033,37.877742767333984,1669100,0.0,0
2015-12-21,38.229201757554456,38.52793618486537,37.86896347918323,38.16769790649414,1135100,0.0,0
2015-12-22,38.29949829810873,38.835463364780516,38.097413713442286,38.33464431762695,790600,0.0,0
2015-12-23,38.598230075162206,38.90574934527908,38.484007195529365,38.8354606628418,1261700,0.0,0
2015-12-24,38.81788496358895,39.134192391903106,38.65973124943188,39.01118469238281,437800,0.0,0
2015-12-28,38.835457298278016,38.870603312306066,38.17648461793973,38.571868896484375,500000,0.0,0
2015-12-29,38.76515996754266,38.976032671157355,38.53671761102566,38.71244430541992,584400,0.0,0
2015-12-30,38.694878507395536,38.88817489069188,38.4400749206543,38.4400749206543,477000,0.0,0
2015-12-31,38.255556126469095,38.34341779754996,37.63172954735437,37.6405143737793,813500,0.0,0
2016-01-04,36.99033596436987,37.20120872067072,36.621312830479326,37.18363571166992,1223400,0.0,0
2016-01-05,37.18363183464537,37.56144310949745,36.76188971772619,36.85853958129883,874100,0.0,0
2016-01-06,36.13806837189526,36.47194550217806,35.549384275970176,35.59331512451172,1177500,0.0,0
2016-01-07,34.88162161068439,35.37365240580743,34.58288719148466,34.71467971801758,1161600,0.0,0
2016-01-08,34.92556798344696,34.987071860186674,33.5900490067804,33.68669891357422,1512200,0.0,0
2016-01-11,33.783329376687824,34.477447988068185,33.72182553534607,34.275360107421875,1622200,0.0,0
2016-01-12,34.69711037264004,34.69711037264004,33.50217268516061,34.33687210083008,1497900,0.0,0
2016-01-13,34.42472716234961,34.741034530728946,33.64274691924946,33.713035583496094,2005700,0.0,0
2016-01-14,33.77454651352243,34.459880406152145,33.60760796813889,34.187503814697266,1470600,0.0,0
2016-01-15,33.18586051140103,33.721825428574746,33.18586051140103,33.677894592285156,1805300,0.0,0
2016-01-19,34.029356243011804,34.08207527556855,33.20344484321077,33.41431427001953,1729400,0.0,0
2016-01-20,32.8256242995083,33.62517763504768,32.69382843086772,33.38794708251953,1956700,0.0,0
2016-01-21,33.458240490865265,33.633963854047174,33.01013720030979,33.19464874267578,1896600,0.0,0
2016-01-22,34.05569770043138,34.80253521968357,33.95026303774792,34.36322021484375,1739400,0.0,0
2016-01-25,34.31051867161699,34.44231458083573,34.055715034705685,34.126007080078125,1445100,0.0,0
2016-01-26,34.477459244159,35.08371302890181,34.39838237208741,35.02220916748047,1355300,0.0,0
2016-01-27,34.82011157051974,35.12763076279686,34.398369527522064,34.574092864990234,1352600,0.0,0
2016-01-28,32.904698987924476,34.4862325491356,32.59717643187557,34.108421325683594,1868100,0.0,0
2016-01-29,34.09964381762645,35.13642786007372,34.09964381762645,35.074920654296875,1985800,0.0,0
2016-02-01,34.67953051786502,35.81296077990232,34.60045367616867,35.58451843261719,1588000,0.0,0
2016-02-02,35.04856052416798,35.18035640381016,34.4335186720186,34.661964416503906,1337400,0.0,0
2016-02-03,34.784971746868536,34.837690768506754,34.01177618805009,34.71467971801758,2407100,0.0,0
2016-02-04,34.47745330217007,35.751464513508594,34.433519107261716,35.53180694580078,1084900,0.0,0
2016-02-05,35.53181763101054,35.84812515990387,35.10129054579089,35.25065612792969,1626900,0.0,0
2016-02-08,34.70589768491375,34.90798225657023,33.95906325263073,34.5916748046875,1436600,0.0,0
2016-02-09,34.134782187753764,34.76739700908997,33.967843655104815,34.1523551940918,1742800,0.0,0
2016-02-10,34.45988245969497,35.004632323359104,34.3720174160661,34.43352127075195,883000,0.0,0
2016-02-11,33.915130171549464,34.029353055535445,33.414311140153195,33.58125305175781,1522900,0.0,0
2016-02-12,33.7745558229131,34.433528709805564,33.63397507444442,34.2665901184082,835300,0.0,0
2016-02-16,34.503819345922885,35.22429607126332,34.46867332231865,35.16279220581055,1069900,0.0,0
2016-02-17,35.285793242954824,35.944765977834486,35.0837086731301,35.82175827026367,906800,0.0,0
2016-02-18,36.085341552160116,37.15727145404109,35.856899178037175,36.340145111083984,1332300,0.0,0
2016-02-19,36.08534774722263,36.269859313964844,35.7075364333931,36.269859313964844,809100,0.0,0
2016-02-22,36.68281242957376,36.83217796118554,36.2610703176184,36.58616256713867,612000,0.0,0
2016-02-23,36.34014939121854,36.515876119853026,36.067772794249656,36.076560974121094,812900,0.0,0
2016-02-24,35.44395583434757,36.243509485287966,35.40002497804063,36.2171516418457,863400,0.0,0
2016-02-25,36.22592846736556,36.34015134989069,35.812971135573115,36.269859313964844,783700,0.0,0
2016-02-26,36.428659508031004,36.75509604978697,36.27867296793683,36.560997009277344,572600,0.17,0
2016-02-29,36.53453613726031,36.85215157693163,36.29632455750683,36.30514907836914,675100,0.0,0
2016-03-01,36.49042157612695,37.28445676505168,36.36690521555433,36.87861633300781,883800,0.0,0
2016-03-02,36.89627314250464,37.337405057996634,36.790402425146006,37.00214385986328,597500,0.0,0
2016-03-03,37.02860903623647,37.557965916731604,36.896268133328206,37.522674560546875,664900,0.0,0
2016-03-04,37.478558116446294,37.83146491013433,37.293283564265955,37.76970672607422,576900,0.0,0
2016-03-07,37.505023929970726,38.06967545765815,37.505023929970726,38.04320526123047,669000,0.0,0
2016-03-08,37.83146708874039,37.849112765997816,37.152123659389076,37.48738479614258,763800,0.0,0
2016-03-09,37.584425480115875,37.92851108799781,37.337392765750884,37.716766357421875,734500,0.0,0
2016-03-10,37.875576222897315,38.03438393848934,37.081537644937164,37.434444427490234,478000,0.0,0
2016-03-11,37.88439209994203,38.37846085356949,37.778521426153304,38.29905700683594,670100,0.0,0
2016-03-14,38.09613985948665,38.281414394824615,37.87557397487432,37.93733215332031,413300,0.0,0
2016-03-15,37.69912384439297,37.937335424180475,37.4167997569934,37.67265701293945,438300,0.0,0
2016-03-16,37.62855182487065,38.21966694610763,37.363869996574856,38.11379623413086,692500,0.0,0
2016-03-17,38.025563735508975,38.413761913509354,37.77853097901338,38.237308502197266,691900,0.0,0
2016-03-18,38.23730668022755,38.978408279970466,38.166723972838355,38.71372985839844,783500,0.0,0
2016-03-21,38.687254461129086,38.898999189271386,38.46668857853298,38.81959533691406,518000,0.0,0
2016-03-22,38.78431013452612,39.657752648880496,38.68726059231244,39.463653564453125,1267900,0.0,0
2016-03-23,39.37542577709576,39.37542577709576,39.04898581884599,39.16368103027344,746900,0.0,0
2016-03-24,38.88136226919717,38.96958729587276,38.59021698871249,38.837249755859375,859700,0.0,0
2016-03-28,39.01369758132246,39.01369758132246,38.669615314822636,38.74901580810547,311300,0.0,0
2016-03-29,38.537271374513566,39.28719403102155,38.33435116587691,39.137210845947266,1327900,0.0,0
2016-03-30,39.26955359129573,39.34013629878786,38.88135879679523,39.03134536743164,813700,0.0,0
2016-03-31,39.03134444289294,39.21661899731806,38.96076173707271,39.08427810668945,712800,0.0,0
2016-04-01,38.77549070632294,39.61364190347653,38.49316658852348,39.525413513183594,851900,0.0,0
2016-04-04,39.481290909317536,39.49893658286585,38.775480795225484,38.881351470947266,547000,0.0,0
2016-04-05,38.546099320676305,38.740198409036275,38.42258294283591,38.4578742980957,708100,0.0,0
2016-04-06,38.422571389753394,38.97839828847534,38.3167007213766,38.89899444580078,559800,0.0,0
2016-04-07,38.6343108306138,38.819585316433326,38.05201718549,38.24611282348633,442600,0.0,0
2016-04-08,38.607845821765224,38.82841167701325,38.29905497064512,38.36081314086914,365200,0.0,0
2016-04-11,38.49316500412688,38.97840935127376,38.0785000007403,38.413761138916016,386100,0.0,0
2016-04-12,38.59021079389009,38.9254685338942,38.27259536393378,38.73137283325195,523100,0.0,0
2016-04-13,38.95194348319455,39.4901215101042,38.687261682220964,39.481300354003906,502900,0.0,0
2016-04-14,39.36660285362162,39.4195398838673,38.854891690188246,39.12839126586914,617000,0.0,0
2016-04-15,38.881367675101366,39.4636616825995,38.881367675101366,39.41072463989258,1234600,0.0,0
2016-04-18,39.340135255397946,39.472476145651335,39.075456840459815,39.30484390258789,513700,0.0,0
2016-04-19,39.51658971589781,39.58716905784612,38.8284217798816,39.00487518310547,837000,0.0,0
2016-04-20,38.96076823571233,39.26955921126039,38.79313932978184,39.0666389465332,545100,0.0,0
2016-04-21,39.05781008833577,39.17250529902523,38.68725762517312,38.74901580810547,339700,0.0,0
2016-04-22,38.58138517426158,39.0754539807382,38.47551448914816,38.687255859375,661200,0.0,0
2016-04-25,38.53728421010489,38.64315492692365,38.29907257308565,38.49317169189453,452400,0.0,0
2016-04-26,38.70490355013223,39.40189260836033,38.44022514078077,39.16368103027344,851900,0.0,0
2016-04-27,39.05780377544214,39.401885986328125,38.91664175647435,39.401885986328125,623700,0.0,0
2016-04-28,39.03134746805297,39.207797515142154,36.88744641334402,36.96685028076172,2314500,0.0,0
2016-04-29,36.525722676091334,36.61394770988744,35.55523047648768,36.2786865234375,1357200,0.0,0
2016-05-02,35.502289469752064,35.705209698027154,34.8670585877997,35.54640197753906,1698500,0.0,0
2016-05-03,35.21114301568147,35.40524210050781,34.95528574305926,35.26408004760742,1038200,0.0,0
2016-05-04,35.11408299827758,35.73166805757139,35.0699705009497,35.15819549560547,1228800,0.0,0
2016-05-05,35.26407256887148,35.4052345918345,34.78764947928323,34.822940826416016,868800,0.0,0
2016-05-06,34.77002110956101,35.04352413760096,34.496518081521046,34.761199951171875,1307200,0.0,0
2016-05-09,34.96411642020009,35.043520299284275,34.41711042403374,34.443580627441406,1504200,0.0,0
2016-05-10,34.47003200851898,35.12290842885044,34.40827383754318,35.105262756347656,1599100,0.0,0
2016-05-11,35.052338901767946,35.352308715824805,34.82295180422761,34.84941864013672,973400,0.0,0
2016-05-12,35.069972540056526,35.069972540056526,33.83480234965123,34.36416244506836,1569600,0.0,0
2016-05-13,34.31122924567089,34.628844665167186,34.17889173125969,34.33769607543945,1058700,0.0,0
2016-05-16,34.33769477951742,35.0787962751831,34.33769477951742,34.78765106201172,1197400,0.0,0
2016-05-17,34.71706191108643,35.06996860173344,34.48767491806322,34.58472442626953,1008600,0.0,0
2016-05-18,34.42592342174513,35.0611542417529,34.42592342174513,34.66413497924805,715700,0.0,0
2016-05-19,34.34651519269467,34.62001806436252,34.099482512199735,34.399452209472656,942100,0.0,0
2016-05-20,34.540616398857416,35.175843812388464,34.51414620601624,34.628841400146484,1551600,0.0,0
2016-05-23,34.5229756387838,34.805299721770766,34.38181359729032,34.64649200439453,1416800,0.0,0
2016-05-24,34.91116744291145,35.308186702592465,34.69060156148513,35.29936218261719,1439800,0.0,0
2016-05-25,35.59934136270761,35.74050342965683,35.25525903486696,35.38759994506836,1262700,0.0,0
2016-05-26,35.475823887830316,35.7493268566007,35.43171137430453,35.68756866455078,1068700,0.0,0
2016-05-27,35.77579180135155,36.04929475567113,35.50229221260086,35.84637451171875,699800,0.0,0
2016-05-31,35.93459755231676,36.26103415583989,35.8904850435545,36.199275970458984,1357400,0.0,0
2016-06-01,36.01400128895348,36.48159993822935,35.71403151861815,36.446311950683594,850000,0.0,0
2016-06-02,36.402190417079055,36.69333898665541,36.22574041007682,36.6051139831543,803600,0.0,0
2016-06-03,36.61397829590024,36.68484801535002,36.1444524644571,36.383644104003906,643900,0.17,0
2016-06-06,36.392501018642044,36.57853781403984,36.17102767762133,36.52538299560547,701400,0.0,0
2016-06-07,37.07464335717268,37.535308404247324,36.87974907606025,37.4555778503418,1223800,0.0,0
2016-06-08,37.57959664391761,37.73905772728088,37.33154757175926,37.63275146484375,996500,0.0,0
2016-06-09,37.41128418328063,37.88966751098633,37.278402178528395,37.88966751098633,657000,0.0,0
2016-06-10,37.49101185499869,37.67704867499578,37.27839931197784,37.40242385864258,672000,0.0,0
2016-06-13,37.163231843340434,37.44671748415731,36.95061592302007,36.96833419799805,1047700,0.0,0
2016-06-14,36.817726957892404,37.21637624145362,36.69369905653283,37.11893081665039,849500,0.0,0
2016-06-15,37.36698726376202,37.57959980652925,37.10121989559526,37.1898078918457,635300,0.0,0
2016-06-16,36.87974652555372,37.2518201651041,36.587400054979476,37.1898078918457,513000,0.0,0
2016-06-17,37.04806800798349,37.101222837598016,36.71142751258956,37.03034973144531,1502800,0.0,0
2016-06-20,37.53531447913873,38.07571016757907,37.34042016648368,37.92510986328125,1097500,0.0,0
2016-06-21,37.96052741667875,38.385759184235994,37.64160866013306,38.1377067565918,1000600,0.0,0
2016-06-22,38.10228050480252,38.47435755706576,37.969398498535156,37.969398498535156,681800,0.0,0
2016-06-23,38.447779178303485,38.48321234988,38.12885697820637,38.3503303527832,675900,0.0,0
2016-06-24,36.75572796055063,37.287262783384485,36.117883469617205,36.22418975830078,1296100,0.0,0
2016-06-27,35.77238046668222,35.8255319138421,34.39924621793206,34.478973388671875,1228000,0.0,0
2016-06-28,34.85105585455951,35.630643202246354,34.70931300765427,35.152259826660156,1018000,0.0,0
2016-06-29,35.53318893922588,35.87868686462318,34.90420536327616,35.19654846191406,704600,0.0,0
2016-06-30,35.31170649392258,35.90525336625048,35.107951446134734,35.887535095214844,1337100,0.0,0
2016-07-01,35.860971225418474,36.1355994480752,35.595203830914166,35.67493438720703,530900,0.0,0
2016-07-05,35.35600503464744,35.42687812791642,34.58527873213029,34.753597259521484,981300,0.0,0
2016-07-06,34.42582016878321,34.75359980058059,33.805694074998605,34.72702407836914,1268900,0.0,0
2016-07-07,34.868764113795294,35.488890158102144,34.868764113795294,35.391441345214844,965200,0.0,0
2016-07-08,35.78123714498837,36.55196352696582,35.78123714498837,36.54310607910156,1091900,0.0,0
2016-07-11,35.09910555922839,36.32163974568554,34.01831760138411,34.37267303466797,4400200,0.0,0
2016-07-12,34.576415373109874,35.329426726568265,34.195480973229536,35.13452911376953,3195900,0.0,0
2016-07-13,35.37373380628964,35.42688864201683,34.93078698014468,35.090248107910156,1293200,0.0,0
2016-07-14,35.35599963049746,35.61290948520631,35.054795788973365,35.5066032409668,1935200,0.0,0
2016-07-15,35.5951986449901,35.85210855332813,35.45345582994416,35.790096282958984,919400,0.0,0
2016-07-18,35.74579620361328,35.87868156116137,35.63948994522383,35.74579620361328,958600,0.0,0
2016-07-19,35.67492918966689,35.834390279020475,35.55090464892861,35.790096282958984,632600,0.0,0
2016-07-20,35.97613992407417,36.48995645888213,35.728090795505906,36.13560104370117,572800,0.0,0
2016-07-21,36.17988641284895,36.49880857598343,35.99384961082554,36.11787414550781,743800,0.0,0
2016-07-22,36.04700782918483,36.295060324602545,35.763522159635215,36.17103576660156,620500,0.0,0
2016-07-25,36.18874535242683,36.36592471474412,35.852108281380765,35.860965728759766,1281900,0.0,0
2016-07-26,35.93183472814679,36.35706312157035,35.85210419316644,36.286190032958984,729900,0.0,0
2016-07-27,36.37478348975481,36.62283255535822,36.10901277156252,36.17988586425781,551500,0.0,0
2016-07-28,36.10016323636352,36.4988160216053,36.02929012813574,36.4013671875,551500,0.0,0
2016-07-29,36.40135602435471,36.54309881792644,36.10900961169221,36.410213470458984,672900,0.0,0
2016-08-01,36.357073746080594,36.62284114720781,36.233049184182285,36.33935546875,1264700,0.0,0
2016-08-02,36.31277127507559,36.37478354156477,35.18768627254825,35.391441345214844,1263800,0.0,0
2016-08-03,35.40029446968611,35.93183246251126,35.39143702387562,35.887535095214844,1220700,0.0,0
2016-08-04,35.84325820441747,36.02043761987303,35.444605364496525,35.55977249145508,788300,0.0,0
2016-08-05,35.71921650763725,36.046996072508705,35.68377996564719,36.02927780151367,1657600,0.0,0
2016-08-08,36.1178697954437,36.56081643991162,35.931833015826705,36.53424072265625,1139000,0.0,0
2016-08-09,36.53424417250423,36.826587228162715,36.392501368066625,36.746856689453125,729300,0.0,0
2016-08-10,36.01157074458717,36.968333930569074,35.79009737808766,36.312774658203125,1226500,0.0,0
2016-08-11,36.35706393007621,36.69370097022168,36.03814178306265,36.58739471435547,1368600,0.0,0
2016-08-12,36.58739732451861,37.198665943041114,36.58739732451861,36.85316467285156,907600,0.0,0
2016-08-15,36.977192370628245,37.40242080132673,36.82658873383484,37.056922912597656,597100,0.0,0
2016-08-16,36.986050697392514,37.18980578073455,36.62283452631928,36.649410247802734,649400,0.0,0
2016-08-17,36.596260578414885,36.68484857392983,36.241901837524296,36.321632385253906,733500,0.0,0
2016-08-18,36.33048763155911,36.684846350977,36.20646309358741,36.569679260253906,634000,0.0,0
2016-08-19,36.436800128438776,36.80887377149137,36.33935130399677,36.76457977294922,877700,0.0,0
2016-08-22,36.61397950202283,36.773437220891466,36.33935130399677,36.76457977294922,654900,0.0,0
2016-08-23,37.00377725419333,37.1898141050492,36.764585569057495,36.80002212524414,581100,0.0,0
2016-08-24,36.71141696232466,36.91517201483423,36.525380181261326,36.897457122802734,838500,0.0,0
2016-08-25,36.72914760615591,37.09236384461793,36.59626559466935,36.99491500854492,885200,0.0,0
2016-08-26,37.07464798476906,37.28726394819407,36.60512543061796,36.81774139404297,1164200,0.0,0
2016-08-29,36.80887594262378,37.28725926569302,36.80887594262378,37.16323471069336,762800,0.0,0
2016-08-30,37.163232328400646,37.499872798545354,37.056926056560634,37.26068115234375,678900,0.0,0
2016-08-31,37.110078573990876,37.24296395218833,36.69370754309335,36.924041748046875,968900,0.0,0
2016-09-01,36.96832557064773,37.14550489966354,36.622827737744934,36.95060729980469,841100,0.0,0
2016-09-02,37.101832705919016,37.23526189894107,36.82608401709993,37.19968032836914,734800,0.17,0
2016-09-06,37.12852580038512,37.27084870943673,36.79050761892039,36.88835525512695,573900,0.0,0
2016-09-07,36.80829804015372,37.039571492592266,36.692659617311556,37.030677795410156,707000,0.0,0
2016-09-08,36.95950635954601,36.98619423160114,36.69265139170985,36.79939270019531,794600,0.0,0
2016-09-09,36.45249728803791,36.71935237582511,35.625244140625,35.625244140625,1222900,0.0,0
2016-09-12,35.25163420041976,35.96324862649564,35.18936815021595,35.874298095703125,761400,0.0,0
2016-09-13,35.580756262775445,35.794242293380044,35.03814918684886,35.11820602416992,1264900,0.0,0
2016-09-14,35.0826270931188,35.144893149803885,34.75350602303401,34.869144439697266,1193200,0.0,0
2016-09-15,34.91362456803526,35.4206501820222,34.90473087009078,35.30501174926758,1822800,0.0,0
2016-09-16,35.22494448684167,35.22494448684167,34.7357098065443,34.87803268432617,1266700,0.0,0
2016-09-19,37.47543750574585,38.13367968459707,36.95062114481246,37.2619514465332,3171100,0.0,0
2016-09-20,35.90098257629183,36.54143725638274,35.66970576703889,35.874298095703125,2324200,0.0,0
2016-09-21,36.1144789501311,36.44360350444469,36.02552838549023,36.372440338134766,860500,0.0,0
2016-09-22,36.55032789345569,37.02177177504477,36.50585263178133,36.897239685058594,1623100,0.0,0
2016-09-23,36.78161374494157,36.79940453428455,35.97215149268984,35.981048583984375,983400,0.0,0
2016-09-26,35.83872285554843,35.96325497794962,35.52738915629963,35.66971206665039,1053500,0.0,0
2016-09-27,35.6697066289422,36.05220002843383,35.562965310762884,36.00772476196289,1026800,0.0,0
2016-09-28,36.24789810180664,36.496962328078624,36.03441205554095,36.24789810180664,1250600,0.0,0
2016-09-29,36.363536880299534,36.452487421069264,35.803138972362476,36.10557556152344,823600,0.0,0
2016-09-30,36.46137364033142,36.657065450329505,36.24788765558989,36.52363967895508,813100,0.0,0
2016-10-03,36.45248904729184,36.68376589280389,36.016626627531544,36.02552032470703,1119700,0.0,0
2016-10-04,37.3331066567903,38.18704392552117,37.030670116625814,37.47542953491211,1765800,0.0,0
2016-10-05,37.65333765630268,38.31157975940166,37.39537635413763,38.106990814208984,1516000,0.0,0
2016-10-06,38.21373190884181,38.21373190884181,37.573280595189104,37.87571716308594,882300,0.0,0
2016-10-07,37.884613037109375,37.97356357673854,37.43985355247237,37.884613037109375,976000,0.0,0
2016-10-10,37.884613968703306,38.53396242505153,37.813450820653586,37.831241607666016,576400,0.0,0
2016-10-11,37.71560360569656,37.71560360569656,37.07514889677202,37.172996520996094,844700,0.0,0
2016-10-12,37.27085205400598,37.27974575207475,36.94172754027733,37.14631652832031,670900,0.0,0
2016-10-13,36.719342886231026,36.772715247293746,36.25679260342439,36.639286041259766,634700,0.0,0
2016-10-14,36.87945592653762,37.11962645722076,36.67486696926952,36.73713302612305,618100,0.0,0
2016-10-17,36.781608924944344,37.46653895528562,36.728239957155196,36.96841049194336,890300,0.0,0
2016-10-18,37.475431186475795,37.511009362640394,36.915033344629386,37.20857620239258,859800,0.0,0
2016-10-19,37.36868738667641,37.5554889339965,37.11072948529733,37.41316604614258,599000,0.0,0
2016-10-20,37.270843469513,37.29752795081927,36.91503455028441,37.19968032836914,649800,0.0,0
2016-10-21,37.68892171069207,37.69781880153071,37.306428242533215,37.36869430541992,743600,0.0,0
2016-10-24,38.000251453223754,38.000251453223754,37.59996723840134,37.884613037109375,565400,0.0,0
2016-10-25,37.9024070511293,37.96467311282088,37.48433201413224,37.72450256347656,899400,0.0,0
2016-10-26,37.430957731326146,37.96466772530035,37.430957731326146,37.61775588989258,1089500,0.0,0
2016-10-27,37.79565905577851,38.09809561352139,37.315318041731835,37.48432540893555,855800,0.0,0
2016-10-28,37.44874141652072,37.86681635280319,36.90613778010002,36.9861946105957,1489900,0.0,0
2016-10-31,36.9950917098321,37.4220603806799,36.8527688195495,37.3153190612793,1055700,0.0,0
2016-11-01,37.519909004279086,37.73339164877184,36.79939744431376,37.07514953613281,1027900,0.0,0
2016-11-02,36.9773016196817,37.24415661982363,36.61259899439713,36.7015495300293,837700,0.0,0
2016-11-03,36.71045176789633,36.8349838925442,36.44359673033005,36.577022552490234,972100,0.0,0
2016-11-04,36.5325427920344,37.155206732053,36.29237226974527,36.93282699584961,900900,0.0,0
2016-11-07,37.61776239250242,38.08920641511501,37.61776239250242,38.04473114013672,1098200,0.0,0
2016-11-08,37.82233906944126,37.9112895904647,37.34199811212703,37.84012985229492,774100,0.0,0
2016-11-09,37.45764668188828,38.70297128081509,37.119628502313574,38.52507019042969,949600,0.0,0
2016-11-10,38.86308106167869,39.138833153189985,38.400530808133354,38.71186447143555,1556200,0.0,0
2016-11-11,38.525061800375326,38.94313334362765,38.32936657167527,38.92534255981445,999100,0.0,0
2016-11-14,39.02319838843596,39.548014745039765,38.6940773017255,39.414588928222656,853900,0.0,0
2016-11-15,39.48574664140897,40.09951690403426,39.227785325037345,39.82376480102539,940800,0.0,0
2016-11-16,39.72591681373499,40.06393497031031,39.41458653349822,39.966087341308594,638400,0.0,0
2016-11-17,40.01946478426902,40.33079510405296,39.85045398788974,40.09952163696289,580900,0.0,0
2016-11-18,40.028345719409316,40.30409776704453,39.74369997686422,40.15287780761719,651700,0.0,0
2016-11-21,40.37525939941406,40.51758227736069,39.98387233337209,40.37525939941406,942000,0.0,0
2016-11-22,40.63322722024643,41.14914646342719,40.41974117232106,41.06019592285156,1221500,0.0,0
2016-11-23,40.92675844556378,41.22919497292846,40.82891422800764,41.08687210083008,544800,0.0,0
2016-11-25,41.086877142361665,41.43379236683655,40.908976075343176,41.4071044921875,306100,0.0,0
2016-11-28,41.00682613139848,41.40711037555554,40.98014164620329,40.99793243408203,637700,0.0,0
2016-11-29,40.90898188793417,41.32705352672413,40.864503221614406,40.99793243408203,703800,0.0,0
2016-11-30,41.33593745811687,41.33593745811687,40.82001495361328,40.82001495361328,788700,0.0,0
2016-12-01,40.92676615917307,41.19362456374259,40.49090376576793,40.642120361328125,780500,0.0,0
2016-12-02,40.767117888545336,40.80283234418271,40.38319600523843,40.42783737182617,846000,0.17,0
2016-12-05,40.74033067733072,41.01710917285216,40.65997486116566,40.91889953613281,1021100,0.0,0
2016-12-06,40.89212049399802,41.99031460593134,40.88319358186518,41.68674850463867,1152200,0.0,0
2016-12-07,41.713531427644604,42.37423184160482,41.695674199440546,42.31173324584961,983800,0.0,0
2016-12-08,42.59744319130267,43.24028979966808,42.47244599654676,42.99029541015625,768500,0.0,0
2016-12-09,42.999224601513774,43.18672040358939,42.70458882766899,42.829586029052734,622300,0.0,0
2016-12-12,42.588517247644994,42.89208333005775,42.15995396763606,42.46352005004883,540200,0.0,0
2016-12-13,44.543841050965696,45.98131573841454,43.02601052987318,43.481361389160156,2071900,0.0,0
2016-12-14,43.26706614347132,43.490276352720656,42.293869494907504,42.58850860595703,1137700,0.0,0
2016-12-15,42.63314675581926,43.36527591454529,42.276009085550214,42.87421417236328,1775000,0.0,0
2016-12-16,43.034937381917715,43.49921511603001,42.767085759984745,42.86529541015625,1678600,0.0,0
2016-12-19,42.82957606620454,43.293853710430206,42.46351145905397,43.186710357666016,922200,0.0,0
2016-12-20,43.2938542935923,43.75812853815417,43.06171376539381,43.47241973876953,941800,0.0,0
2016-12-21,43.55277826462736,43.91884289951311,43.27599976380994,43.60634994506836,1177300,0.0,0
2016-12-22,43.61528149656692,43.695637322820104,42.695656356272345,42.98136520385742,688800,0.0,0
2016-12-23,42.99029411637867,43.13314853550315,42.767083873626795,42.91886520385742,282400,0.0,0
2016-12-27,42.93671969614776,43.302784334699226,42.838506650647986,43.19564437866211,247200,0.0,0
2016-12-28,43.36528926903738,43.44564509929791,42.6688743440583,42.722442626953125,357200,0.0,0
2016-12-29,42.776006202457694,43.15992805133767,42.579580119983945,42.838504791259766,366000,0.0,0
2016-12-30,43.02600563519656,43.02600563519656,42.39208935629936,42.50815963745117,349800,0.0,0
2017-01-03,42.85636069477406,42.97243095864599,41.901021260093124,42.16887283325195,978800,0.0,0
2017-01-04,41.892106852828185,42.49923913236936,41.87425302629948,42.249244689941406,1927100,0.0,0
2017-01-05,42.231367323616624,42.5795746755382,41.7403055861396,42.079586029052734,1549700,0.0,0
2017-01-06,42.195668181977936,42.552805978374785,41.651037981054486,42.481380462646484,912900,0.0,0
2017-01-09,42.293871846875675,42.41886902605961,41.79388313013992,41.8206672668457,572800,0.0,0
2017-01-10,41.838520213418164,42.38315364350722,41.82066298880178,41.93673324584961,1281100,0.0,0
2017-01-11,42.05280455258297,42.08851900559978,41.659955787151176,41.918880462646484,1474300,0.0,0
2017-01-12,41.87424072609618,41.93673931834474,41.17782248888424,41.77602767944336,997800,0.0,0
2017-01-13,41.847455134876284,42.34744730211149,41.82959790684095,42.124237060546875,578200,0.0,0
2017-01-17,41.954586480127375,42.10636776605459,41.427810324756855,41.534950256347656,680100,0.0,0
2017-01-18,41.78495956098685,42.17781179433339,41.46353624494631,42.04388427734375,604300,0.0,0
2017-01-19,42.12422899544565,42.365296418890836,41.79387885483587,41.93673324584961,497200,0.0,0
2017-01-20,42.0438806086805,42.44565971867275,42.017096469987,42.142093658447266,741700,0.0,0
2017-01-23,41.97245275572505,42.088523036186245,41.142113782032304,41.606388092041016,931400,0.0,0
2017-01-24,41.90102391011752,42.40994295308108,41.72245504807889,42.19565963745117,1531200,0.0,0
2017-01-25,42.427803812948845,42.74029679383675,42.29387630347229,42.50815963745117,1095900,0.0,0
2017-01-26,42.85638064699503,43.03494958087467,40.999269184117395,41.36533737182617,1714700,0.0,0
2017-01-27,41.46353964121332,42.16888493075267,41.46353964121332,41.85639190673828,1140300,0.0,0
2017-01-30,40.883197481928754,41.49032974243164,40.68677133708408,41.49032974243164,1055100,0.0,0
2017-01-31,41.481381088740775,41.64209269877569,40.865322187551754,41.463523864746094,780900,0.0,0
2017-02-01,41.758186301626075,41.91889800152584,41.0706981200369,41.36533737182617,767900,0.0,0
2017-02-02,41.31174256966713,41.60637825078633,41.05281793062008,41.463523864746094,844600,0.0,0
2017-02-03,41.77604074858097,42.05281934200637,41.668897351849616,42.03496551513672,836000,0.0,0
2017-02-06,41.856385392859394,42.008166722068765,41.588533784542975,41.72245788574219,855700,0.0,0
2017-02-07,41.74925045233561,41.784964915565276,41.177832664335604,41.50818634033203,982200,0.0,0
2017-02-08,41.44567518930283,41.865311524938654,41.18675390276811,41.6421012878418,1058700,0.0,0
2017-02-09,41.78494998710326,42.13315736439219,41.63316868148191,41.6956672668457,756900,0.0,0
2017-02-10,41.811738787155015,41.84744983278307,41.30281636742388,41.65995407104492,570500,0.0,0
2017-02-13,41.70460054713782,41.94566801575872,41.49032062342012,41.731388092041016,556800,0.0,0
2017-02-14,41.552814122325636,41.73138297413616,41.25817500595064,41.65995407104492,908900,0.0,0
2017-02-15,41.27603086685869,41.52602520757638,40.75818496024098,41.293888092041016,1739800,0.0,0
2017-02-16,41.36532337310972,41.418891651001815,41.01711253722118,41.32960891723633,687300,0.0,0
2017-02-17,41.026034929783854,41.43674087524414,40.66889725186872,41.43674087524414,1994900,0.0,0
2017-02-21,41.49032717309952,41.865318801760814,41.26711689720537,41.74924850463867,843700,0.0,0
2017-02-22,41.51709303342968,41.758160433946735,41.222453964158724,41.534950256347656,1130000,0.0,0
2017-02-23,41.659954751465776,41.838523606192815,41.25817567980934,41.338531494140625,848200,0.0,0
2017-02-24,40.8296088663388,41.43674087524414,40.624255893608655,41.43674087524414,719900,0.0,0
2017-02-27,41.39210929615415,41.838529796059326,41.18675627490795,41.284969329833984,915800,0.0,0
2017-02-28,41.15103964285598,41.45460570298618,40.85640049364817,41.142112731933594,1867200,0.0,0
2017-03-01,40.93674849132455,41.990300886531976,40.695684477397705,41.95458984375,1907400,0.0,0
2017-03-02,41.784964915565276,42.04388966510236,41.48139878995044,41.50818634033203,1432500,0.0,0
2017-03-03,41.51709411377473,41.63316436280336,41.240312260219405,41.401023864746094,882000,0.0,0
2017-03-06,41.15996410562989,41.32960605632656,41.00818278755155,41.09746551513672,842700,0.0,0
2017-03-07,40.9189051040347,41.133185039020475,40.749263132426286,40.767120361328125,1076800,0.0,0
2017-03-08,40.883188313449295,41.04389995847755,40.490336111861126,40.52605056762695,1017200,0.0,0
2017-03-09,40.472481366253476,40.65104682917155,40.204626360040585,40.34748077392578,852800,0.0,0
2017-03-10,40.40126422119307,40.75086414340252,40.40126422119307,40.661224365234375,1425500,0.18,0
2017-03-13,40.750869169933566,40.948080809675126,40.490908993826736,40.81361770629883,1884100,0.0,0
2017-03-14,40.6343450975246,41.01979899293694,40.517810615912865,40.85844802856445,875700,0.0,0
2017-03-15,41.046682105384356,41.36042475263,40.85843651703697,41.21699905395508,1134700,0.0,0
2017-03-16,41.46800184725223,41.78174797967495,41.3693994371596,41.43214797973633,761500,0.0,0
2017-03-17,41.4769586245394,41.575564432170424,41.14528734213004,41.279747009277344,1636400,0.0,0
2017-03-20,41.25285849052739,41.30664441266972,40.7777614799884,40.78672409057617,1171700,0.0,0
2017-03-21,40.89428690595417,40.93014418246394,39.3793528785664,39.47795867919922,1905500,0.0,0
2017-03-22,39.370395512740934,39.67517559106167,39.21800718335,39.451072692871094,1609100,0.0,0
2017-03-23,39.46003770578527,39.83652892365439,39.34350324426154,39.75585174560547,1187300,0.0,0
2017-03-24,39.89927301303724,40.20405304952661,39.51381922702912,39.8006706237793,1348400,0.0,0
2017-03-27,39.13732971144287,39.711032579407444,39.13732971144287,39.6124267578125,888500,0.0,0
2017-03-28,39.424179849505265,40.320591406118496,39.379359955582345,40.07855987548828,1307400,0.0,0
2017-03-29,40.00684858861491,40.56262279429239,39.91720538154518,40.41919708251953,1315900,0.0,0
2017-03-30,40.383342283048464,41.019793704457655,40.383342283048464,40.88533401489258,1239400,0.0,0
2017-03-31,40.759830110611375,41.1901072003295,40.41023018893654,41.0197868347168,1446200,0.0,0
2017-04-03,41.15425743538418,41.225972006533596,40.015814264929496,40.30266571044922,1301800,0.0,0
2017-04-04,40.123380349738056,40.53573227059364,40.123380349738056,40.27577209472656,1243800,0.0,0
2017-04-05,40.59847556248874,40.62536681184994,39.86341844395033,39.944095611572266,1604800,0.0,0
2017-04-06,40.05166467454362,40.35644471052689,39.7917045280647,40.15923309326172,937700,0.0,0
2017-04-07,39.95306632575048,40.24888380688181,39.90824642787758,39.979957580566406,807000,0.0,0
2017-04-10,39.988927390169216,40.410241992967656,39.872392909057865,39.9620361328125,946900,0.0,0
2017-04-11,39.88134463268959,40.06959020572712,39.460030181049135,40.015804290771484,692400,0.0,0
2017-04-12,40.033738310931795,40.13234412517056,39.343501030799004,39.38832092285156,742400,0.0,0
2017-04-13,39.316610786018984,39.61242481676984,39.02079333572947,39.08354187011719,1138600,0.0,0
2017-04-17,39.235937421339415,39.41522043109138,39.1194029520698,39.343505859375,826600,0.0,0
2017-04-18,39.15525936013064,39.684142346295786,39.15525936013064,39.56760787963867,783100,0.0,0
2017-04-19,39.78274817042573,40.06959961178252,39.42418215896028,39.56760787963867,846100,0.0,0
2017-04-20,39.72895291675104,40.123372701144625,39.54070734371352,40.015804290771484,706900,0.0,0
2017-04-21,39.935128226286565,39.97994811354637,39.5855283183066,39.630348205566406,1103400,0.0,0
2017-04-24,40.15027279266409,40.21302132548721,39.549675296236046,39.908241271972656,2126000,0.0,0
2017-04-25,40.09648735991413,40.41919605810879,40.03373882632501,40.20405578613281,1055800,0.0,0
2017-04-26,40.11442448388637,40.40127596082252,39.881358941203,39.9620361328125,1641000,0.0,0
2017-04-27,37.918207960050495,38.16920551985946,35.19311602168667,36.627376556396484,3840700,0.0,0
2017-04-28,35.515822385657465,35.76681992891626,34.619410892898046,34.682159423828125,4065900,0.0,0
2017-05-01,34.76284175980082,34.78077040266435,34.090533040343885,34.21603012084961,2348000,0.0,0
2017-05-02,34.19810116408333,34.30566958998217,33.34650952849921,33.597503662109375,2596200,0.0,0
2017-05-03,33.39132523875053,33.597499454041184,32.925190892187146,33.22100830078125,2570500,0.0,0
2017-05-04,33.265830531455826,33.615430461125385,32.916230601786275,32.98794174194336,1400000,0.0,0
2017-05-05,33.12241027619359,33.50786754907154,32.81763018646542,33.4182243347168,2434800,0.0,0
2017-05-08,33.39133436285253,34.20706883735139,33.34651446372297,34.009857177734375,2452000,0.0,0
2017-05-09,34.090523044122854,34.117417710301424,33.507857709836074,33.57060623168945,1263200,0.0,0
2017-05-10,33.57956915244448,33.79470938618034,33.4271808606825,33.669212341308594,1513700,0.0,0
2017-05-11,33.570613138057325,33.94710434663184,33.53475585546775,33.71403884887695,1845300,0.0,0
2017-05-12,33.74989033160301,33.86642135068546,33.35546712997602,33.44511032104492,948700,0.0,0
2017-05-15,33.6423225402832,33.776785633256615,33.46304297570332,33.6423225402832,1604100,0.0,0
2017-05-16,33.80368617651564,33.83954346710402,33.41822885153911,33.53476333618164,1002700,0.0,0
2017-05-17,33.53475702437482,33.53475702437482,32.74591387760116,32.80866241455078,1388600,0.0,0
2017-05-18,32.73693872745193,32.80864984812509,32.234947204589844,32.234947204589844,1422100,0.0,0
2017-05-19,32.441130217015576,33.50786206628775,32.41423896687877,33.247901916503906,1599600,0.0,0
2017-05-22,33.32857878509871,33.50786176331266,33.059656027546986,33.149295806884766,1261000,0.0,0
2017-05-23,33.2389392559774,33.36443631581036,32.62041314746005,32.72798156738281,1316600,0.0,0
2017-05-24,32.79969436645436,33.077583140838726,32.68315992306243,32.89830017089844,1016500,0.0,0
2017-05-25,33.13136875702811,33.25686582193875,32.96105180029775,33.04172897338867,979400,0.0,0
2017-05-26,33.0327613308694,33.0327613308694,32.65627015451519,32.88933563232422,891000,0.0,0
2017-05-30,32.78176248934828,33.059651236283,32.74590521499453,32.835548400878906,1143000,0.0,0
2017-05-31,32.9072661598614,33.07758653758714,32.33356333276931,32.880374908447266,1785800,0.0,0
2017-06-01,33.032761384936485,33.53475304043546,32.862444436241056,33.40925598144531,1691300,0.0,0
2017-06-02,33.47231161446158,33.706508193399465,33.265136792595854,33.328189849853516,1448700,0.18,0
2017-06-05,33.553381921818875,34.12086290033228,33.535366270867044,33.724525451660156,1910300,0.0,0
2017-06-06,33.607435656083496,34.120869785343686,33.46331385552159,34.07583236694336,1618900,0.0,0
2017-06-07,34.22895593634001,34.508193392829035,34.021781089061434,34.31903076171875,1353700,0.0,0
2017-06-08,34.30101077500047,34.83245693492931,34.048795136035125,34.80543518066406,1256200,0.0,0
2017-06-09,34.87749777354946,35.2738317260185,34.61627602854021,34.80543518066406,1148800,0.0,0
2017-06-12,34.661314755619216,35.04864261684621,34.337039947509766,34.337039947509766,1468500,0.0,0
2017-06-13,34.4451467027395,34.75140597629593,34.31903711328159,34.60728073120117,1208700,0.0,0
2017-06-14,34.652317707114356,34.71537077671354,34.21995232866224,34.54422378540039,929300,0.0,0
2017-06-15,34.10284430239485,34.5622313354995,34.093834759630454,34.4721565246582,902200,0.0,0
2017-06-16,34.38208465889745,34.76941260244275,34.30101937577507,34.760406494140625,1650700,0.0,0
2017-06-19,34.994599303036615,35.17475237470353,34.72437141360327,35.12971496582031,1130500,0.0,0
2017-06-20,34.87751509260168,35.27384924187752,34.87751509260168,34.95858383178711,1001200,0.0,0
2017-06-21,35.057655325454284,35.057655325454284,34.28300289324785,34.31903076171875,895200,0.0,0
2017-06-22,34.373077400505274,34.83246450350018,34.292008683960965,34.74238967895508,997400,0.0,0
2017-06-23,34.75139058865408,35.156730634529325,34.643296702696134,34.85047149658203,1726000,0.0,0
2017-06-26,34.91352711552426,35.21978627601718,34.76940535977075,35.07566452026367,833100,0.0,0
2017-06-27,35.0576508296707,35.10269167271838,34.73337943821111,34.79643249511719,1543100,0.0,0
2017-06-28,34.88650865803097,35.55307398898679,34.88650865803097,35.30986785888672,988400,0.0,0
2017-06-29,35.517045548145106,35.517045548145106,34.88651146778413,35.11170196533203,691300,0.0,0
2017-06-30,35.12970833755635,35.390930070379426,35.01260834764715,35.0216178894043,912700,0.0,0
2017-07-03,35.32788784638325,35.62513752890621,35.264834779298546,35.444984436035156,360600,0.0,0
2017-07-05,35.508030813906636,35.508030813906636,34.96757507324219,34.96757507324219,952900,0.0,0
2017-07-06,34.751397711678145,34.8504786399148,34.36406979793818,34.40910720825195,870100,0.0,0
2017-07-07,34.526198240771706,35.219781738638915,34.41810436078208,35.12070083618164,448300,0.0,0
2017-07-10,35.14773150159558,35.246815865313955,34.715366180388756,34.8955192565918,703000,0.0,0
2017-07-11,35.0216129965316,35.22878775826755,34.751385195838324,35.066650390625,635200,0.0,0
2017-07-12,35.345894652976504,35.77825990597476,35.27383205941,35.670166015625,1074100,0.0,0
2017-07-13,35.778263166095236,36.03047539429243,35.53505704484769,35.84131622314453,1270200,0.0,0
2017-07-14,35.12071736970999,35.71522024498979,34.616289334025524,35.69720458984375,2058200,0.0,0
2017-07-17,35.74222822239633,36.20161522494383,35.60711257898812,35.9674186706543,746500,0.0,0
2017-07-18,35.94039658134614,35.94039658134614,34.85047221047765,35.4089469909668,1314500,0.0,0
2017-07-19,35.58009445186378,36.1205502083246,35.57108834491412,35.84131622314453,1355800,0.0,0
2017-07-20,35.931392778542005,35.99444583864708,35.58009617620397,35.68818664550781,1284900,0.0,0
2017-07-21,35.607120246297214,35.72422026672399,34.994601820250764,35.35490798950195,1034800,0.0,0
2017-07-24,35.37292149269047,35.5260493718325,35.030630996309256,35.13872146606445,949500,0.0,0
2017-07-25,35.399939008751396,35.68818251764475,34.96757374541137,35.435970306396484,1540600,0.0,0
2017-07-26,35.50802922893796,35.634138769855404,35.075663968479084,35.24681091308594,749400,0.0,0
2017-07-27,35.31886652934935,35.32787607086378,34.67032042177576,34.88650131225586,822400,0.0,0
2017-07-28,34.850471228358636,34.850471228358636,34.18390945074866,34.35505294799805,659100,0.0,0
2017-07-31,34.47215892562595,34.69734940454736,34.26498409735433,34.57124328613281,740300,0.0,0
2017-08-01,34.787418447839954,34.93154019298377,34.49917495755232,34.85047149658203,1187600,0.0,0
2017-08-02,34.86849840817503,34.96758278424468,34.535217409141744,34.66132354736328,911300,0.0,0
2017-08-03,34.74238439331586,34.86849050294719,34.400093927078146,34.4721565246582,795600,0.0,0
2017-08-04,34.616282044602656,34.65231334730734,34.32803849523349,34.40910720825195,869400,0.0,0
2017-08-07,34.49018345705595,34.49018345705595,34.13888676926559,34.28300857543945,1172900,0.0,0
2017-08-08,34.18391531627663,34.92253981070925,34.18391531627663,34.5081901550293,2198800,0.0,0
2017-08-09,34.62528708859925,34.64330273939819,33.88666258651291,34.147884368896484,2047000,0.0,0
2017-08-10,33.832617919322395,33.9767396846771,33.14803695678711,33.14803695678711,1743900,0.0,0
2017-08-11,32.84177721812116,33.48131732626261,32.634602398700714,33.319183349609375,945600,0.0,0
2017-08-14,33.643458669877006,33.877658709547966,33.607430802041236,33.75155258178711,936200,0.0,0
2017-08-15,33.82360857214179,33.88666163009144,33.544374582974456,33.643455505371094,967800,0.0,0
2017-08-16,33.66146679393629,34.02177288079059,33.66146679393629,33.814598083496094,905900,0.0,0
2017-08-17,33.73353434656595,33.92269352372186,33.139031621123095,33.157047271728516,820900,0.0,0
2017-08-18,32.96787832347358,32.98589397061719,32.38238525390625,32.38238525390625,1233200,0.0,0
2017-08-21,32.31033292422116,32.445448602632304,32.130179831717776,32.3643798828125,1114100,0.0,0
2017-08-22,32.6165895022377,32.922848703785505,32.50849902996617,32.751705169677734,769000,0.0,0
2017-08-23,32.49949809473564,33.17506966718695,32.49949809473564,33.02193832397461,1288500,0.0,0
2017-08-24,33.14803027345451,33.38223024252002,32.769712004225475,33.283145904541016,1487500,0.0,0
2017-08-25,33.472310506039705,34.021775789204476,33.34620439570034,33.67948532104492,867600,0.0,0
2017-08-28,33.71551934425128,33.99475677980354,33.64345674044395,33.724525451660156,856100,0.0,0
2017-08-29,33.427270632486646,33.9857419811016,33.41826109033683,33.823604583740234,598700,0.0,0
2017-08-30,33.85963673354196,34.282995885782704,33.733530629334155,34.201927185058594,537000,0.0,0
2017-08-31,34.50819307345723,34.77842098322684,34.328039988232725,34.74238967895508,1570100,0.0,0
2017-09-01,34.37134723669239,34.51614477169772,34.1089006256685,34.2989501953125,1572600,0.18,0
2017-09-05,34.235588828701815,34.31703417554245,33.54779820259716,33.66544723510742,756800,0.0,0
2017-09-06,33.755953079645046,33.80120165698434,33.2763119458072,33.33966064453125,1550700,0.0,0
2017-09-07,33.430152601782474,33.457304505760845,32.99576011281947,33.29440689086914,1013200,0.0,0
2017-09-08,33.203911587059544,33.45730983516852,33.10436609743103,33.34870910644531,936800,0.0,0
2017-09-11,33.63830252938495,34.09984697367514,33.565905499292285,34.00934982299805,552400,0.0,0
2017-09-12,34.07269714641361,34.606638599288374,34.07269714641361,34.452789306640625,620100,0.0,0
2017-09-13,34.33515102494476,34.832895846500726,34.16320501074558,34.66999816894531,730100,0.0,0
2017-09-14,34.50709816784191,34.75144466772187,33.91885621047395,34.72429275512695,481200,0.0,0
2017-09-15,34.75144429807496,35.113436423781465,34.72429238576885,35.07723617553711,1062100,0.0,0
2017-09-18,35.28537427170859,35.294422604670906,35.095324757054506,35.18582534790039,435700,0.0,0
2017-09-19,35.258231240761724,35.38492864758373,35.10438537597656,35.10438537597656,568800,0.0,0
2017-09-20,35.14963395666364,35.33063173165739,35.06818513052873,35.10438537597656,619900,0.0,0
2017-09-21,35.113433577236655,35.13153369989151,34.89623900986922,34.97768783569336,505400,0.0,0
2017-09-22,34.932430445984856,35.249177365503,34.75143615168292,35.17677688598633,467900,0.0,0
2017-09-25,35.059137201589735,35.80122498064328,35.0048368327887,35.71977615356445,887000,0.0,0
2017-09-26,35.746913460191436,36.06365688210551,35.67451299104286,35.85551071166992,951600,0.0,0
2017-09-27,35.918870243503726,36.10891980629126,35.53877802241949,35.83742141723633,856800,0.0,0
2017-09-28,35.80121501331551,35.89171215054337,35.55686860010692,35.77406311035156,592500,0.0,0
2017-09-29,35.783115937564794,35.91886164736002,35.56591796875,35.56591796875,599600,0.0,0
2017-10-02,35.629270985427375,36.33516188064522,35.49352525914146,36.2989616394043,1153900,0.0,0
2017-10-03,36.407566800234264,36.6971618884255,36.317069629766664,36.670013427734375,789100,0.0,0
2017-10-04,36.669999824699424,36.93244635484286,36.42565341238428,36.47995376586914,594200,0.0,0
2017-10-05,36.624761039681935,36.96865301354847,36.470911723166566,36.78765869140625,686600,0.0,0
2017-10-06,36.597614901337614,36.896261794013306,36.54331797703,36.61571502685547,1562200,0.0,0
2017-10-09,36.651902454008635,36.74239959768854,36.443756261749066,36.57045364379883,907600,0.0,0
2017-10-10,36.706209865544096,36.89625597514066,36.706209865544096,36.78765869140625,501800,0.0,0
2017-10-11,36.74240371971518,36.851004447008364,36.642858231397454,36.8238525390625,568000,0.0,0
2017-10-12,36.78765684108883,36.95055448461985,36.70620801932332,36.73335647583008,833400,0.0,0
2017-10-13,37.031993542261155,37.077245565053126,36.697149977517334,36.77859878540039,660700,0.0,0
2017-10-16,36.74240665862529,36.95055634313057,36.67000962021749,36.78765869140625,369100,0.0,0
2017-10-17,36.76050826313972,36.986754627183096,36.706211345206455,36.841957092285156,854100,0.0,0
2017-10-18,36.896253783763164,37.13154845992044,36.80575317582175,36.968650817871094,622500,0.0,0
2017-10-19,36.68810837490907,36.86910614254792,36.52521072925864,36.624759674072266,508300,0.0,0
2017-10-20,36.69715623232425,37.01390318463244,36.63380753231166,36.73335647583008,802000,0.0,0
2017-10-23,36.841954566345095,37.03200067057276,36.19036743010093,36.27181625366211,804900,0.0,0
2017-10-24,36.4256617612878,36.57950761972358,36.226563871787114,36.389461517333984,793500,0.0,0
2017-10-25,36.21751982198183,36.33516890262868,36.00032178480655,36.28086853027344,620700,0.0,0
2017-10-26,36.58855347364922,37.964131450623356,36.37135549739237,37.755985260009766,2403400,0.0,0
2017-10-27,37.828392252884484,37.98224157916146,36.18131896071803,36.26276779174805,1804100,0.0,0
2017-10-30,36.181312262430595,36.2627610783819,35.73787139399737,35.92791748046875,858600,0.0,0
2017-10-31,36.16321488080651,36.44376159082943,35.94602032331702,36.01841735839844,1126000,0.0,0
2017-11-01,36.47090511029596,36.47090511029596,35.62022021283857,35.73786926269531,1055900,0.0,0
2017-11-02,35.73786553650821,35.80121422161573,35.20392415328455,35.62926483154297,773500,0.0,0
2017-11-03,35.66547193970707,35.8283695763029,35.412077150444695,35.484474182128906,781200,0.0,0
2017-11-06,35.57497800893337,35.846472943766344,35.35777998971975,35.70167541503906,485000,0.0,0
2017-11-07,35.6835729676963,35.927919428800855,35.53877544840232,35.7559700012207,842100,0.0,0
2017-11-08,35.6564163260001,36.05460854958413,35.44826670332013,35.85551071166992,746800,0.0,0
2017-11-09,35.511628819183265,35.90076936735516,35.4392283296892,35.692623138427734,979600,0.0,0
2017-11-10,36.054607037696606,36.08175548636671,35.719763512536474,35.801212310791016,859300,0.0,0
2017-11-13,35.59307490802286,35.86456981826755,35.45732572677797,35.484474182128906,669300,0.0,0
2017-11-14,35.29442518925917,35.46637114609103,34.86003267812228,35.149627685546875,891600,0.0,0
2017-11-15,34.80574035765847,35.17678426237523,34.688094732141515,35.041038513183594,694200,0.0,0
2017-11-16,35.26727541935368,35.84646541257746,35.167726491972466,35.710716247558594,1111400,0.0,0
2017-11-17,35.66547542944757,35.95507048901044,35.6111750611875,35.83742141723633,1186600,0.0,0
2017-11-20,35.86457542462664,36.289916251342845,35.86457542462664,36.26276779174805,677500,0.0,0
2017-11-21,36.507116251615976,36.75146275786991,36.35326691705055,36.56141662597656,713300,0.0,0
2017-11-22,36.597614901337614,36.896261794013306,36.525217851512146,36.61571502685547,513600,0.0,0
2017-11-24,36.85100848591083,36.98675423153747,36.145117490119404,36.344215393066406,268500,0.0,0
2017-11-27,36.33516975430934,36.76956238659619,36.2265690070533,36.670013427734375,585100,0.0,0
2017-11-28,36.89625711719789,37.52069583330588,36.624762173335526,37.430198669433594,1126800,0.0,0
2017-11-29,37.43019150458953,37.927932715101065,37.17679673245526,37.32159423828125,813200,0.0,0
2017-11-30,37.44830014870278,37.819344057607886,37.36685131737016,37.47544860839844,1127200,0.0,0
2017-12-01,37.54784480409176,37.629293626097194,36.84195386262956,37.584041595458984,1058000,0.0,0
2017-12-04,37.97317980345751,38.090828851167046,36.814799802147334,36.923397064208984,1116500,0.0,0
2017-12-05,37.02338431918621,37.02338431918621,36.60524724375501,36.66887664794922,932900,0.18,0
2017-12-06,36.50526562476041,36.568895043657804,36.159846302500796,36.18711853027344,859800,0.0,0
2017-12-07,36.1507568969715,36.36891390801149,35.53263958645291,35.569000244140625,1015800,0.0,0
2017-12-08,35.823516078537594,35.89623739018937,35.32356919733212,35.578086853027344,1091100,0.0,0
2017-12-11,35.63263134279274,35.93259811401367,35.44174308223912,35.93259811401367,552800,0.0,0
2017-12-12,35.805341845306536,36.07803987533257,35.6053616717671,36.023502349853516,1142900,0.0,0
2017-12-13,36.39618354829776,36.668881526488136,35.86896445192584,35.97804641723633,736900,0.0,0
2017-12-14,35.9416846378874,36.03258280525994,35.096318504660005,35.150856018066406,1001700,0.0,0
2017-12-15,35.24176152484798,35.75080033367155,35.1690402089261,35.50537109375,2037500,0.0,0
2017-12-18,35.7326174341086,36.53253104644481,35.69625677876342,36.49617385864258,912500,0.0,0
2017-12-19,36.44163157827619,36.53252974586014,36.09621229988008,36.23256301879883,1138500,0.0,0
2017-12-20,36.19620288410815,36.3870911192991,36.04167530348963,36.2507438659668,558400,0.0,0
2017-12-21,36.2416514485401,36.3598218404335,36.150753280956145,36.23256301879883,581700,0.0,0
2017-12-22,36.31437783048578,36.32346626149688,35.923509413685565,35.9962272644043,409900,0.0,0
2017-12-26,35.905324329475405,36.10530446067101,35.7053441982798,35.878055572509766,360100,0.0,0
2017-12-27,35.80533495463868,36.08712482971037,35.80533495463868,35.91441345214844,739200,0.0,0
2017-12-28,36.032580296198844,36.17801943439323,35.9235018094387,36.141658782958984,431900,0.0,0
2017-12-29,36.296186488938076,36.32345524124156,35.9507672670775,36.01439666748047,704900,0.0,0
2018-01-02,36.33255438301783,36.47799353687915,36.03258417768595,36.35073471069336,873100,0.0,0
2018-01-03,36.25983877839752,36.85068738443179,36.25983877839752,36.796146392822266,1106400,0.0,0
2018-01-04,36.86886358896845,37.850577055271714,36.723424428496,37.29608917236328,1084900,0.0,0
2018-01-05,37.759680112900824,38.44142685003414,37.72331945471001,37.99601745605469,1036200,0.0,0
2018-01-08,37.9142071916924,38.068738253123726,37.65059762471982,37.97783660888672,576700,0.0,0
2018-01-09,38.13237198702022,38.50506010172348,38.07783099430381,38.14146041870117,730500,0.0,0
2018-01-10,38.050561837180744,38.17782068465597,37.45971322528175,37.54152297973633,858400,0.0,0
2018-01-11,37.64150919406771,37.97783660888672,37.50515846148378,37.97783660888672,642400,0.0,0
2018-01-12,38.17780655729557,38.24143595748768,37.832387336579636,37.950557708740234,971200,0.0,0
2018-01-16,38.09600783817021,38.186906016833824,37.58696902204151,37.641510009765625,627500,0.0,0
2018-01-17,37.79602789121853,38.05054547673503,37.61422812976016,37.859657287597656,462400,0.0,0
2018-01-18,37.77786049410965,37.90511933040984,37.51425092317742,37.55970001220703,495000,0.0,0
2018-01-19,38.39597862061194,39.75947212540217,38.06873962465536,39.341331481933594,1537100,0.0,0
2018-01-22,39.30497512465349,39.30497512465349,38.40506786667388,39.0050048828125,1050000,0.0,0
2018-01-23,39.00500029877178,39.16861978099333,38.532322179858745,38.75957107543945,1220500,0.0,0
2018-01-24,38.93228427170159,39.09590029401372,38.5777730653198,38.89592361450195,1957600,0.0,0
2018-01-25,39.36860663001122,40.30487112979803,38.76866958210666,39.077728271484375,2615000,0.0,0
2018-01-26,39.36860391567005,39.88673117279422,38.56868675110122,39.714019775390625,1572000,0.0,0
2018-01-29,39.63220501205616,39.877634229256486,39.377687364978584,39.5140380859375,1229000,0.0,0
2018-01-30,39.01410174288845,39.359521150305405,38.759584004551805,38.959564208984375,1215000,0.0,0
2018-01-31,39.1686241818859,39.20498484147453,38.55959527017823,38.63231658935547,1420000,0.0,0
2018-02-01,38.414154553829114,38.87774427607379,38.0051092863162,38.57777404785156,1061000,0.0,0
2018-02-02,38.25053476101215,38.25053476101215,37.56878809222784,37.705135345458984,1271000,0.0,0
2018-02-05,37.40517041604837,37.62332741874353,36.468902587890625,36.468902587890625,1875600,0.0,0
2018-02-06,35.83260672987573,36.98703161733445,35.11450280428786,36.750694274902344,2264800,0.0,0
2018-02-07,36.73251463421818,37.62332996860696,36.48708538889526,37.43244171142578,1500600,0.0,0
2018-02-08,37.38698165912676,37.56878143208191,36.01439666748047,36.01439666748047,1886800,0.0,0
2018-02-09,36.468900861141435,36.78705138736055,35.041778110720244,36.10530471801758,1021300,0.0,0
2018-02-12,36.33254448286416,36.94156969009969,36.07802343230337,36.632511138916016,541500,0.0,0
2018-02-13,36.31437971360832,37.196103204226844,36.187120867593904,37.0870246887207,969300,0.0,0
2018-02-14,37.050659957329664,38.11418663619219,36.78705386277812,38.086917877197266,824100,0.0,0
2018-02-15,38.25053732873382,38.614133495967586,37.75967886204797,38.52323532104492,608200,0.0,0
2018-02-16,38.177816713086635,38.55959321579679,38.02328911938296,38.414154052734375,642500,0.0,0
2018-02-20,38.12328080957212,38.71412943878383,37.90512376966329,38.38689041137695,768300,0.0,0
2018-02-21,38.53232806689228,38.741396666663235,38.16873185893808,38.18690872192383,797100,0.0,0
2018-02-22,38.259624231468884,38.60504352395971,38.00510657781405,38.03237533569336,531200,0.0,0
2018-02-23,38.32325687174447,38.75048594138938,38.205086465079084,38.74139404296875,419800,0.0,0
2018-02-26,38.768660981524796,39.214066852158254,38.441422033892096,39.186798095703125,512900,0.0,0
2018-02-27,39.19588748207354,39.63220493371963,38.986818919881216,39.01408767700195,746400,0.0,0
2018-02-28,39.08680392608279,39.36859376084191,38.80501409132366,38.81410598754883,846000,0.0,0
2018-03-01,38.85047551625112,39.223163593181546,38.34143670512092,38.57777404785156,672400,0.0,0
2018-03-02,38.223262086943095,39.25042802674713,37.977832872961095,39.204978942871094,476200,0.0,0
2018-03-05,38.87774597131027,39.46859108767187,38.79593622073179,39.441322326660156,743600,0.0,0
2018-03-06,39.55948716467122,39.97762428982169,39.36859892939072,39.80491638183594,546800,0.0,0
2018-03-07,39.4685855281975,39.986716187240496,39.386779256685465,39.80491638183594,663000,0.0,0
2018-03-08,39.78674017113835,39.83218926030623,39.08681310181462,39.45041275024414,884900,0.0,0
2018-03-09,39.65039263183537,40.25032967281757,39.32315361538262,40.01399230957031,988200,0.0,0
2018-03-12,40.032230099976076,40.634767538447,39.82225530138793,40.53434753417969,681300,0.19,0
2018-03-13,40.6895507140006,40.917784677387445,40.32437497955209,40.36089324951172,722500,0.0,0
2018-03-14,40.5343695238388,40.55262518355578,39.93183175849465,40.09615707397461,606900,0.0,0
2018-03-15,40.11440536466073,40.853884755868016,40.04137229782354,40.296993255615234,753700,0.0,0
2018-03-16,40.397421606732436,40.94518186260737,40.397421606732436,40.8173713684082,905800,0.0,0
2018-03-19,40.680440636140005,40.680440636140005,39.5666572944595,39.794891357421875,404800,0.0,0
2018-03-20,39.84052675995864,40.03224248547454,39.62142406867605,39.80400848388672,611000,0.0,0
2018-03-21,39.80401374599303,40.37003665221292,39.676203245419174,39.89530944824219,470100,0.0,0
2018-03-22,39.43883645051724,39.849658352803004,38.818039683190875,38.82716751098633,487600,0.0,0
2018-03-23,38.818047582688905,38.83630672457008,37.43951197254985,37.49428939819336,500100,0.0,0
2018-03-26,38.04204417208716,38.29766863853992,37.476024786682316,38.26115036010742,354200,0.0,0
2018-03-27,38.28853330102534,38.59893166990904,37.412115606262304,37.631221771240234,571500,0.0,0
2018-03-28,37.704254327564605,37.92336048957718,37.28430462316267,37.6677360534668,630700,0.0,0
2018-03-29,37.94161832917468,38.36156801921602,37.79554872035273,38.124202728271484,902300,0.0,0
2018-04-02,37.85946522486719,38.2702837276833,36.26182687923721,36.709163665771484,857500,0.0,0
2018-04-03,37.01956215700857,37.82294698690401,36.86436467488144,37.49428939819336,843400,0.0,0
2018-04-04,36.77306193104933,37.959881548268726,36.58134620183372,37.81380844116211,560000,0.0,0
2018-04-05,38.133344373669516,38.36157841697668,37.987274725255936,38.032920837402344,767700,0.0,0
2018-04-06,37.69512490189546,37.98726411714143,36.444400186388634,36.82783508300781,531600,0.0,0
2018-04-09,37.101718928038586,37.7681617981275,37.07433196213375,37.256919860839844,950200,0.0,0
2018-04-10,37.8594538570348,38.23375744631805,37.64947901256607,37.8868408203125,1053000,0.0,0
2018-04-11,37.83206805406747,38.42547787012015,37.75903498217268,38.288536071777344,680000,0.0,0
2018-04-12,38.34331348762938,38.58067532450569,38.21550299988255,38.288536071777344,703500,0.0,0
2018-04-13,38.44374445570818,38.589814110367634,37.9507580652668,38.08769989013672,742800,0.0,0
2018-04-16,38.315927793915016,38.50764353190441,37.86858758936507,38.416351318359375,699800,0.0,0
2018-04-17,38.70849026368446,38.81804161555596,38.24289092372486,38.57154846191406,685300,0.0,0
2018-04-18,38.70849283709999,39.018891256850715,38.50764577650395,38.7541389465332,697900,0.0,0
2018-04-19,38.936724580809745,39.02801679431627,38.10595290063138,38.26115036010742,814300,0.0,0
2018-04-20,38.20636862155072,38.352438236186416,37.43037444678133,37.78641891479492,1031200,0.0,0
2018-04-23,37.822942193060214,37.99639879508386,37.17475841002075,37.36647415161133,1039300,0.0,0
2018-04-24,37.503410919959755,37.78641883879916,36.27094528403646,36.45353317260742,1006500,0.0,0
2018-04-25,37.138234184317206,37.16562114799501,36.59960184235028,36.83696365356445,1375600,0.0,0
2018-04-26,37.13823191683602,37.17475018789294,34.992833989564716,35.79621505737305,1150200,0.0,0
2018-04-27,35.63189174766275,36.08835975768179,35.33975249985652,35.85099792480469,1251800,0.0,0
2018-04-30,35.86012593259688,36.25268870178887,35.7323154463622,35.81447982788086,1228900,0.0,0
2018-05-01,35.67755054301739,35.95143072320175,35.34889293376599,35.905784606933594,887700,0.0,0
2018-05-02,36.02444902761782,36.23442386233414,35.77795592184458,35.79621505737305,642500,0.0,0
2018-05-03,35.75058401643726,35.75058401643726,35.20282365018644,35.440185546875,908600,0.0,0
2018-05-04,35.284985381964646,36.088366727298656,35.211948814620534,35.92403793334961,730600,0.0,0
2018-05-07,36.033585825327215,36.16139631092062,35.79622050987557,35.85099792480469,666800,0.0,0
2018-05-08,35.83274038567292,36.63612509428154,35.78709427914879,36.57221984863281,907400,0.0,0
2018-05-09,36.70002486262201,36.95564580706668,36.389626508978836,36.51743698120117,1371800,0.0,0
2018-05-10,36.553956548401864,37.4029872668855,36.48092000021758,37.156494140625,717100,0.0,0
2018-05-11,37.138239376903286,37.51254302398923,36.89174622161624,37.202144622802734,575400,0.0,0
2018-05-14,37.275181298606576,37.320827405455546,36.88261851107095,36.92826461791992,495700,0.0,0
2018-05-15,36.70002879487843,36.946521938821164,36.53570003224994,36.910003662109375,672800,0.0,0
2018-05-16,35.66840265278265,36.07922447341119,35.11151123843885,35.540592193603516,1707100,0.0,0
2018-05-17,35.421920279081675,36.02445797080687,35.421920279081675,35.768836975097656,563800,0.0,0
2018-05-18,35.695788763644664,35.81447139401768,35.47668611957389,35.650142669677734,424400,0.0,0
2018-05-21,35.91490268141997,36.45353506525394,35.81447916336329,36.0427131652832,632700,0.0,0
2018-05-22,36.307468525631755,36.307468525631755,35.577120354000414,35.878387451171875,528200,0.0,0
2018-05-23,35.63188759633866,35.80534764878448,35.211937911865625,35.33974838256836,490500,0.0,0
2018-05-24,35.32149288000711,35.54972688190511,35.056744084562055,35.37627029418945,530500,0.0,0
2018-05-25,35.257587075630994,35.59537590050505,35.157163559185975,35.330623626708984,478700,0.0,0
2018-05-29,35.148035346958615,35.45843372049447,34.94718831626647,35.24845886230469,517800,0.0,0
2018-05-30,35.49495343420176,36.1066188959915,35.35801163816623,35.85099792480469,864300,0.0,0
2018-05-31,35.905776009670234,36.024455187035855,34.80112075805664,34.80112075805664,1666900,0.0,0
2018-06-01,35.0202304601125,35.71406038570977,34.992843490670815,35.2667236328125,1118300,0.0,0
2018-06-04,35.27584708271864,35.37627060163844,35.065872217056565,35.221073150634766,836800,0.0,0
2018-06-05,35.31281984611546,36.20274819518714,35.14767778137831,36.06513214111328,1082000,0.19,0
2018-06-06,36.129353666309875,36.129353666309875,35.606404961245794,36.06513214111328,864200,0.0,0
2018-06-07,36.05595887644283,36.42294205322629,35.95503832783683,36.15687942504883,747200,0.0,0
2018-06-08,36.15687942504883,36.15687942504883,36.15687942504883,36.15687942504883,0,0.0,0
2018-06-11,36.3770637512207,36.6431228336568,36.10182466624282,36.3770637512207,722700,0.0,0
2018-06-12,36.349542368171186,36.57890596829813,36.175227292006596,36.35871887207031,1036300,0.0,0
2018-06-13,36.47798294492792,36.6247754990395,36.1660483299645,36.367889404296875,887500,0.0,0
2018-06-14,36.54221174535532,37.331219617873764,36.14770605919063,36.863319396972656,1461200,0.0,0
2018-06-15,36.799092979937825,39.67989895695893,36.799092979937825,39.19364929199219,2713000,0.0,0
2018-06-18,39.101897124078796,39.45970370302449,38.54224950067757,39.046852111816406,1797500,0.0,0
2018-06-19,38.87254142239952,39.056032999880415,38.129405608327474,38.95511245727539,1279900,0.0,0
2018-06-20,39.16612823050067,39.248699268926906,38.64317948707147,38.79914855957031,813300,0.0,0
2018-06-21,38.78996957055925,39.38631630985968,38.679876026313714,39.13860321044922,1027700,0.0,0
2018-06-22,39.138605886945925,39.6340321196466,39.05603484816248,39.533111572265625,1529900,0.0,0
2018-06-25,39.15694729457061,39.4046603596729,38.615649152267856,39.34043884277344,1337700,0.0,0
2018-06-26,39.33126935630293,40.12028070445029,39.12025526316295,39.927616119384766,1398900,0.0,0
2018-06-27,39.8450361036266,40.33128570868232,39.64319506010458,39.753292083740234,1170300,0.0,0
2018-06-28,39.67072345330368,39.71659546600743,38.83584022277846,39.20281982421875,934100,0.0,0
2018-06-29,39.239519656938164,39.58815326045402,39.065204605085384,39.349613189697266,840000,0.0,0
2018-07-02,38.955112960881706,39.34044562855419,38.54225778116505,39.31291961669922,998300,0.0,0
2018-07-03,39.39548848815813,39.94596319747285,39.18447440785453,39.48723602294922,470500,0.0,0
2018-07-05,39.643193994818,40.15696959188154,39.239515418431594,40.10192108154297,1668300,0.0,0
2018-07-06,40.00100116183125,40.367984236633724,39.6248450850732,40.34046173095703,646700,0.0,0
2018-07-09,40.395514081168216,41.074431842952244,39.63402878735365,41.04690933227539,1170300,0.0,0
2018-07-10,41.12030166652629,41.12947816946932,40.71662303229327,41.01020812988281,1233700,0.0,0
2018-07-11,40.82671819604575,40.82671819604575,39.55145722135244,40.31294250488281,591800,0.0,0
2018-07-12,40.57900375801622,40.76249532018945,40.07440458689768,40.63405227661133,761200,0.0,0
2018-07-13,40.52396119536633,41.03773694500066,39.10190750418799,40.624881744384766,838200,0.0,0
2018-07-16,40.69827379163216,40.845066341384246,40.156975608206906,40.303768157958984,741200,0.0,0
2018-07-17,40.202850341796875,40.505611964772825,40.03770827468467,40.202850341796875,622100,0.0,0
2018-07-18,40.184499732456445,40.82671847585904,39.909264128086924,40.597354888916016,830800,0.0,0
2018-07-19,40.58818216402279,40.80836924910591,40.36799157912905,40.71662521362305,848200,0.0,0
2018-07-20,40.76249753770652,40.76249753770652,39.991835734502615,40.01018524169922,843100,0.0,0
2018-07-23,39.89090811356977,39.90008461544442,39.432181014517944,39.753292083740234,799500,0.0,0
2018-07-24,39.85421345181199,40.1936740619919,39.39548630273575,39.45053482055664,482000,0.0,0
2018-07-25,39.542283449442905,39.93678912351659,39.30374684409666,39.927616119384766,472800,0.0,0
2018-07-26,39.79916359511293,40.5422992463891,39.7441150839847,40.17531967163086,1285400,0.0,0
2018-07-27,40.35882080960735,40.47808736237507,39.734951534319244,39.927616119384766,383400,0.0,0
2018-07-30,39.93678861736652,40.39551581398157,39.53310994427715,39.56980895996094,604800,0.0,0
2018-07-31,39.67990591399019,40.468917319879765,39.551462847879996,40.230377197265625,992300,0.0,0
2018-08-01,40.09276280974832,40.31294993237918,39.90927120768179,40.07441329956055,477400,0.0,0
2018-08-02,39.85421885017459,40.53313666268527,39.771647812163984,40.404693603515625,868100,0.0,0
2018-08-03,40.14779639002319,40.5423019970161,39.86338781275636,40.23954391479492,655300,0.0,0
2018-08-06,40.23037094441534,40.41386251025813,39.78082028290156,40.28541946411133,500800,0.0,0
2018-08-07,40.46891863187171,40.707455262408075,40.43221961184729,40.6157112121582,974400,0.0,0
2018-08-08,40.753322589383835,41.01938520417172,40.27624938330934,40.91846466064453,639400,0.0,0
2018-08-09,41.28544530652091,42.97356143237997,40.5606555378519,42.57905578613281,2363800,0.0,0
2018-08-10,43.1203495835211,43.239619615507486,42.04692979507426,42.55152893066406,1127800,0.0,0
2018-08-13,42.68914602894333,42.68914602894333,41.99188232421875,41.99188232421875,860000,0.0,0
2018-08-14,41.82674298606825,43.00108340688293,41.60655240726023,42.88181686401367,1355600,0.0,0
2018-08-15,42.59740176711018,42.890986851671556,42.32216618781017,42.69832229614258,773000,0.0,0
2018-08-16,42.98273766626533,43.61578344842112,42.79007308030958,43.166229248046875,731300,0.0,0
2018-08-17,43.157047331154644,43.74421747174558,42.70749322362153,43.65247344970703,604200,0.0,0
2018-08-20,44.230475046305166,44.230475046305166,43.441463715495715,44.05615997314453,1391300,0.0,0
2018-08-21,44.26717584155452,45.221329279959214,44.0561617445669,45.083709716796875,973100,0.0,0
2018-08-22,44.95526424696535,45.25802586976221,44.29469597890726,44.64332962036133,722700,0.0,0
2018-08-23,44.514886322998855,44.77177242591282,44.38644327154187,44.5699348449707,496200,0.0,0
2018-08-24,44.68002726103367,44.69837676789434,44.08368053739904,44.42313766479492,488000,0.0,0
2018-08-27,44.927734633368445,45.27636471989892,44.496530026573744,44.71672058105469,910500,0.0,0
2018-08-28,44.83599966844159,44.982792245939265,44.41397144561216,44.60663604736328,860700,0.0,0
2018-08-29,44.88185801545946,45.2580175992162,44.55157744159727,44.90020751953125,1006600,0.0,0
2018-08-30,44.716731182895295,45.33142398104914,44.505713580741485,44.689205169677734,1350000,0.0,0
2018-08-31,44.51488632979437,44.55158534444788,43.96441160942384,44.40479278564453,1128400,0.0,0
2018-09-04,44.459837814651905,44.70755091388514,44.065332156592746,44.23965072631836,1217200,0.0,0
2018-09-05,43.85431836149677,44.31304554833212,43.6341312717098,44.02863693237305,1061700,0.0,0
2018-09-06,44.12955560593216,44.18460413032043,43.8726694917419,43.991939544677734,929000,0.0,0
2018-09-07,43.66026776900586,43.9735089147049,43.42994350053509,43.89980697631836,865700,0.2,0
2018-09-10,43.98272125322667,44.14855148340964,43.687902973702265,44.05642318725586,925100,0.0,0
2018-09-11,43.7984559899608,44.47100231321689,43.614195904877356,44.07484436035156,779400,0.0,0
2018-09-12,44.02878925409399,44.074853406201775,43.67869537202962,43.70633316040039,937800,0.0,0
2018-09-13,43.78925048260267,43.98272554656227,43.724759966105985,43.82610321044922,635400,0.0,0
2018-09-14,43.789253484297404,44.277543375561905,43.75240426839446,44.084068298339844,783800,0.0,0
2018-09-17,44.03799960112373,44.24989750721008,43.6510565155233,43.697120666503906,606100,0.0,0
2018-09-18,43.77082215727551,44.08406330099549,43.273324411518594,43.57735061645508,755100,0.0,0
2018-09-19,43.62341523967712,44.001146901097094,43.15355527624036,43.37466812133789,822900,0.0,0
2018-09-20,43.55893323639554,43.78004612469654,42.96930355355305,43.089073181152344,1395600,0.0,0
2018-09-21,43.08906824528763,43.660271495801034,42.84952901752832,43.40230941772461,2815000,0.0,0
2018-09-24,43.34702850827214,43.49443590592474,42.93244410410246,43.30096435546875,965800,0.0,0
2018-09-25,43.365458716018,43.365458716018,42.43495009482267,42.481014251708984,1091200,0.0,0
2018-09-26,42.40730443739453,42.41651937650812,41.845312643429715,41.891380310058594,1027900,0.0,0
2018-09-27,41.91902129941033,42.02036455058121,41.099067379165604,41.126705169677734,890500,0.0,0
2018-09-28,41.03456969960961,41.57813507649554,40.93322646611863,41.24646759033203,1452000,0.0,0
2018-10-01,41.43074038130744,41.43074038130744,39.790828810304994,39.938236236572266,1871000,0.0,0
2018-10-02,39.71712442138115,40.48179930002756,39.65263389599423,39.94744873046875,1509400,0.0,0
2018-10-03,40.13170562074171,40.47258458645021,39.91980769532995,40.186981201171875,854500,0.0,0
2018-10-04,39.984298271221135,40.28832450742019,39.440732804591526,39.86452865600586,1619100,0.0,0
2018-10-05,39.75397252794954,40.057998753039776,39.24725629534976,39.38545227050781,1259100,0.0,0
2018-10-08,39.1551290368987,39.18276682688267,38.160126423839095,38.574710845947266,1472300,0.0,0
2018-10-09,38.42729767127129,38.528640905286714,38.04035461172424,38.32595443725586,1401100,0.0,0
2018-10-10,38.390442904053366,38.390442904053366,36.71368270631439,36.75975036621094,1165800,0.0,0
2018-10-11,36.89795331782884,37.13749256546734,36.24383312872454,36.3728141784668,1130400,0.0,0
2018-10-12,37.04535004268338,37.4507229557065,36.60312792213279,37.284889221191406,1384700,0.0,0
2018-10-15,37.22040280657374,37.8468850915069,37.22040280657374,37.579708099365234,1091300,0.0,0
2018-10-16,37.81003934753066,38.57471422464484,37.35860215625672,38.48258590698242,1079100,0.0,0
2018-10-17,38.252257500578025,38.537860877888285,37.819246722116915,38.51021957397461,851100,0.0,0
2018-10-18,38.25225219839617,38.51021423603638,37.717898246748106,38.058780670166016,731500,0.0,0
2018-10-19,38.067992561380535,38.69447481574538,37.6349818376218,37.80081558227539,976200,0.0,0
2018-10-22,37.99429840569199,38.3904529718343,37.75475916349997,37.97587203979492,768500,0.0,0
2018-10-23,37.31253688806601,37.828464589258324,36.75975996958635,37.478370666503906,611400,0.0,0
2018-10-24,37.23882678988031,37.40466054767885,35.368594816837216,35.39623260498047,1102800,0.0,0
2018-10-25,35.4975808511122,35.727905156690596,35.12906407086876,35.58049774169922,1136100,0.0,0
2018-10-26,36.47415505779014,36.47415505779014,34.18933850062568,34.364383697509766,1445700,0.0,0
2018-10-29,35.027716044683,36.62155960052945,34.71447489116887,35.221187591552734,1650800,0.0,0
2018-10-30,35.29489371096608,36.24382861398211,35.092207221207474,35.98586654663086,1159700,0.0,0
2018-10-31,36.455725660402464,37.16512484319519,36.28989190263432,36.91637420654297,1034100,0.0,0
2018-11-01,37.16512159152835,38.68526306657896,36.953223700579514,38.52864074707031,1130700,0.0,0
2018-11-02,38.639201503912815,39.901381139569395,38.50100903902842,39.54207229614258,1322900,0.0,0
2018-11-05,39.67105391492174,40.122487520398934,39.256469522005304,39.78160858154297,1152500,0.0,0
2018-11-06,39.63420355969675,40.52786291407651,39.63420355969675,40.15013122558594,851700,0.0,0
2018-11-07,40.500222312849395,40.76739933274009,39.73554749752227,40.53707504272461,1028500,0.0,0
2018-11-08,40.509433752204025,40.887165414611495,40.26989454318302,40.48179244995117,1031100,0.0,0
2018-11-09,40.048789791362196,40.3712424006043,39.47758300574782,40.22383499145508,813500,0.0,0
2018-11-12,40.17776556357254,40.362025679450866,39.274894861685105,39.39466094970703,953000,0.0,0
2018-11-13,39.59735479660398,40.66605945019165,39.59735479660398,39.94744873046875,1037800,0.0,0
2018-11-14,40.07642729160589,40.41730626382777,38.46415722815048,38.61156463623047,2167600,0.0,0
2018-11-15,38.454947867298145,39.5512903040992,38.068001203770116,39.47758483886719,1605600,0.0,0
2018-11-16,39.210402356142374,40.41729920061147,38.51021465427295,40.168548583984375,1422200,0.0,0
2018-11-19,40.0027197933029,40.279111744539485,39.32096188357579,39.532859802246094,1209500,0.0,0
2018-11-20,38.49179165782476,39.698692122292194,38.49179165782476,38.73133087158203,1442100,0.0,0
2018-11-21,39.08141980705471,39.75396975718098,38.65762400066314,39.39466094970703,1292900,0.0,0
2018-11-23,39.16433804499077,39.75397113919336,38.88794961879959,39.40387725830078,703600,0.0,0
2018-11-26,40.002724315388946,40.20541083201645,39.551290637680474,39.94744873046875,1019400,0.0,0
2018-11-27,39.551282222045316,39.8276706312471,39.01692825171512,39.03535461425781,1281700,0.0,0
2018-11-28,39.30253140772514,40.31595674134517,38.43651345925837,39.910587310791016,1202900,0.0,0
2018-11-29,39.69869152982291,40.50943394860481,39.422303107240516,39.98429489135742,944800,0.0,0
2018-11-30,39.772397944816916,40.43573304523761,39.68026963174509,40.37124252319336,6574600,0.0,0
2018-12-03,41.43994634853784,41.614991545897674,41.02536191850685,41.126705169677734,1183100,0.0,0
2018-12-04,40.663981439869914,40.7935464804017,39.1925263029796,39.349853515625,946900,0.2,0
2018-12-06,38.60949018657802,40.01616422877575,38.405891559462994,39.77554702758789,1722000,0.0,0
2018-12-07,39.738535718713166,39.85884434130252,38.70204016717536,38.85936737060547,1285000,0.0,0
2018-12-10,38.868624731786234,39.11849488583925,38.02647133714233,38.6557731628418,976300,0.0,0
2018-12-11,39.21103749049925,39.54419769311788,36.56426869223633,36.971466064453125,2222600,0.0,0
2018-12-12,37.62852728853611,37.97094034700643,37.258348528367016,37.43418502807617,1092900,0.0,0
2018-12-13,37.52672603352569,37.52672603352569,36.34215971003189,36.40694046020508,753400,0.0,0
2018-12-14,36.166330997997996,36.61054342148902,35.75913362874966,35.87018585205078,943100,0.0,0
2018-12-17,35.712861235661784,35.88869421217887,34.333949005198384,34.55605697631836,1830800,0.0,0
2018-12-18,34.935493528156044,35.29641594280631,34.21364869885549,34.25066375732422,1658000,0.0,0
2018-12-19,34.19513669392424,34.88921929178351,33.380745457289095,33.61210632324219,1622000,0.0,0
2018-12-20,33.61210510967056,33.84346596727032,32.436791529429385,32.899513244628906,1196700,0.0,0
2018-12-21,32.91801790802834,33.149378733094764,31.955556028483358,32.33498764038086,3200500,0.0,0
2018-12-24,32.04809909389924,32.473802119818465,31.363269570662773,31.548358917236328,352200,0.0,0
2018-12-26,31.742711487817754,32.89026298634526,31.048628859671798,32.87175369262695,1419600,0.0,0
2018-12-27,32.307223828998936,33.10310559162127,31.93704511559316,33.093849182128906,929000,0.0,0
2018-12-28,33.20490989797623,33.75092164054227,32.97354904994462,33.223419189453125,678400,0.0,0
2018-12-31,33.54732623524869,33.64912558315325,31.83525720501276,33.40850830078125,738600,0.0,0
2019-01-02,32.72367826266713,34.09333403226737,31.983324269678658,33.84346389770508,1023900,0.0,0
2019-01-03,33.31596051654573,33.51955918272731,32.00183265737491,33.02907180786133,1279100,0.0,0
2019-01-04,33.36222706385319,34.787410456632486,33.36222706385319,34.45425033569336,1369300,0.0,0
2019-01-07,34.44500377105933,35.537027243079606,34.296932971308436,35.27790069580078,994000,0.0,0
2019-01-08,35.629570224075785,35.860931069686664,35.046539904656186,35.36119079589844,1136500,0.0,0
2019-01-09,35.574042075684346,36.71233700367076,35.574042075684346,36.564266204833984,939800,0.0,0
2019-01-10,36.31440217778465,37.63778305053711,36.17558424952148,37.63778305053711,1265000,0.0,0
2019-01-11,37.554492951693554,38.257828346505576,37.23984207052564,37.97093963623047,1173200,0.0,0
2019-01-14,37.73957879802719,38.26708122670777,37.44343720754989,37.97093963623047,1273800,0.0,0
2019-01-15,37.970942083221814,38.36888303299918,37.54523896076255,38.29484939575195,771200,0.0,0
2019-01-16,38.30409927801778,38.65576873570033,38.156028484828205,38.34111785888672,598800,0.0,0
2019-01-17,38.072737926223105,38.92414762322088,38.072737926223105,38.71129608154297,799300,0.0,0
2019-01-18,39.0444543150785,39.68301249658372,37.70256425948592,39.32209014892578,1101000,0.0,0
2019-01-22,38.93340091275643,39.294323249411,37.89690536359452,38.174537658691406,1913500,0.0,0
2019-01-23,38.10976030755682,38.60950060148833,37.45269632680602,37.50822067260742,1214600,0.0,0
2019-01-24,37.48971123615817,38.80384272288387,37.48971123615817,38.54471969604492,1303300,0.0,0
2019-01-25,37.65629059897705,39.23880149279578,37.202825310854095,37.98019790649414,1568900,0.0,0
2019-01-28,37.397170018343814,37.77660169513328,36.99922904874917,37.70256805419922,1125100,0.0,0
2019-01-29,37.758090331312665,37.83212749847245,37.341640091754975,37.36014938354492,694600,0.0,0
2019-01-30,37.619278332833815,38.119015121825505,37.02699154871503,38.10050582885742,636800,0.0,0
2019-01-31,38.017216974844125,38.29484929176863,37.56374815064783,38.12826919555664,864400,0.0,0
2019-02-01,38.183791467893165,38.4706801803032,37.869140584383736,38.38739013671875,658400,0.0,0
2019-02-04,38.37813532154099,38.83160056797134,38.23931741247027,38.81309127807617,704700,0.0,0
2019-02-05,38.90563232295137,39.09072166590517,38.10975061944993,38.8038330078125,516200,0.0,0
2019-02-06,38.76682483884131,39.562706755971014,38.3041031223972,39.52568817138672,782900,0.0,0
2019-02-07,39.33134378976732,39.77555619011151,38.896384269930024,39.285072326660156,579100,0.0,0
2019-02-08,39.02594923569369,39.40538444552759,38.78533548805088,39.38687515258789,649100,0.0,0
2019-02-11,39.42388643542786,39.9513888777256,39.20178200197951,39.8866081237793,942000,0.0,0
2019-02-12,40.13647990243615,40.636220193585345,39.91437545989415,40.16424560546875,1235300,0.0,0
2019-02-13,40.46963638390669,40.90459587855467,40.284547011910554,40.74726867675781,784900,0.0,0
2019-02-14,40.42336714528679,41.0434125157246,40.25678705436307,40.73801803588867,744100,0.0,0
2019-02-15,40.886090467505774,41.14521349471367,40.53442098037613,40.830562591552734,806900,0.0,0
2019-02-19,40.74727178330569,40.96937975269166,40.55292951652198,40.86758041381836,516000,0.0,0
2019-02-20,40.78429157969781,41.644954249953095,40.77503869874611,41.58017349243164,810300,0.0,0
2019-02-21,41.54315480696397,41.62644485647266,41.16372314371024,41.41359329223633,515200,0.0,0
2019-02-22,41.58017649797305,41.6727194353254,41.24701627504575,41.533905029296875,759500,0.0,0
2019-02-25,41.81152547140329,42.56113575963849,40.62695926506342,41.55240249633789,523000,0.0,0
2019-02-26,41.432100791772406,41.644952346799464,41.04341273412004,41.0711784362793,666300,0.0,0
2019-02-27,40.97863444800126,40.97863444800126,40.589949897221935,40.793548583984375,633800,0.0,0
2019-02-28,40.56218276362266,40.56218276362266,40.23827548062825,40.24753189086914,614300,0.0,0
2019-03-01,40.589945324691826,40.79354398851851,40.09946148578516,40.645469665527344,616400,0.0,0
2019-03-04,40.78427998516702,41.154458663154514,40.19199692461544,40.39559555053711,507400,0.0,0
2019-03-05,40.38635757459578,40.43262904789152,39.82183642164124,39.831092834472656,636300,0.0,0
2019-03-06,39.840340473607284,40.71025959033998,39.29432868788938,39.38687515258789,732900,0.0,0
2019-03-07,39.23880713075028,39.30358789550432,38.7113046004463,38.924156188964844,509900,0.0,0
2019-03-08,38.50769920774468,39.137000982048654,37.65628947121554,39.0537109375,586200,0.0,0
2019-03-11,39.31406581268889,39.834783208157205,38.309829428617846,39.79758834838867,734800,0.2,0
2019-03-12,39.92777461664811,40.6251624117157,38.87704622598998,39.881282806396484,472300,0.0,0
2019-03-13,40.076539308387446,40.820422252370676,38.94212455829686,40.4019889831543,861300,0.0,0
2019-03-14,40.476384518194365,40.6716557870918,40.2532224210224,40.448490142822266,728600,0.0,0
2019-03-15,40.504279364212046,41.12727734752045,39.17459318364037,40.69024658203125,1455400,0.0,0
2019-03-18,40.76463370293279,41.173766521937274,40.42988705688499,40.75533676147461,618100,0.0,0
2019-03-19,40.95990454221976,41.15517225170741,38.70966854428241,40.68095016479492,476700,0.0,0
2019-03-20,40.53217650330023,40.78323652100475,39.909174930382136,40.2811164855957,474000,0.0,0
2019-03-21,40.08584472331227,41.136576495808875,40.08584472331227,40.98780059814453,418100,0.0,0
2019-03-22,40.7181346346959,40.73673206139036,39.137388836631544,39.165283203125,437700,0.0,0
2019-03-25,39.04441739897756,39.04441739897756,38.412118883011296,38.54229736328125,606300,0.0,0
2019-03-26,38.88632889690104,39.19318111671491,38.09595777141709,39.165283203125,635000,0.0,0
2019-03-27,39.26757497283821,39.83478418335454,39.13739650755849,39.60232162475586,749600,0.0,0
2019-03-28,39.75109621083838,40.327602343983834,39.47214185912909,39.63021469116211,550800,0.0,0
2019-03-29,39.974265643856334,40.494979537625504,39.91847334933934,40.327606201171875,674100,0.0,0
2019-04-01,40.61584931126951,41.27604197666799,40.61584931126951,41.21095275878906,409500,0.0,0
2019-04-02,41.11797644860389,41.15516776033035,40.62515343693588,41.04358673095703,441200,0.0,0
2019-04-03,41.443424914421335,41.992036697923616,41.12727569092686,41.51781463623047,519500,0.0,0
2019-04-04,41.62009049693161,42.34537601451975,41.090076203557636,42.150108337402344,421100,0.0,0
2019-04-05,42.28958131395213,42.66152276568085,41.94553777671583,42.5499382019043,479500,0.0,0
2019-04-08,42.44766883549294,43.03347198744237,42.30818986763974,42.996280670166016,742900,0.0,0
2019-04-09,42.810303974814865,42.810303974814865,42.243094786398764,42.34537887573242,478500,0.0,0
2019-04-10,42.44766976242933,43.191549330663086,41.843265617997005,43.061370849609375,471800,0.0,0
2019-04-11,43.21013693714613,43.55418049413695,42.37327039625303,43.46119689941406,691200,0.0,0
2019-04-12,43.70295906860822,44.09349444704029,43.39610680232846,43.57278060913086,492800,0.0,0
2019-04-15,43.68436510066202,43.916827667319716,43.30312663322729,43.665767669677734,359900,0.0,0
2019-04-16,43.70297049892338,44.07491209222147,43.68437306454868,44.009822845458984,310500,0.0,0
2019-04-17,44.251570130995994,44.251570130995994,43.04276560852116,43.238033294677734,632800,0.0,0
2019-04-18,43.25663694914791,43.48909952719766,42.90329283732502,43.35892105102539,457000,0.0,0
2019-04-22,43.2194427047494,43.702965299674084,42.429071346892165,42.81960678100586,464100,0.0,0
2019-04-23,42.92188569876956,43.82384154063078,42.87539389752968,43.63787078857422,623500,0.0,0
2019-04-24,43.53558315805299,44.428238438833226,43.51698572964963,44.15858459472656,595800,0.0,0
2019-04-25,44.10279194266844,44.195775536814985,43.12645001574274,43.200836181640625,649600,0.0,0
2019-04-26,43.396115082528915,45.172132695148065,43.238042222173014,44.6886100769043,1635300,0.0,0
2019-04-29,44.753694838108345,45.59055795939139,44.62351636682636,45.051246643066406,627100,0.0,0
2019-04-30,44.95824920386501,45.302296281671076,44.456132864782234,45.20001220703125,499300,0.0,0
2019-05-01,45.45109031206773,45.45109031206773,43.991225411084294,44.009822845458984,591400,0.0,0
2019-05-02,43.86103041347703,44.24227238488876,43.13574842260898,43.51698684692383,666300,0.0,0
2019-05-03,43.53559112548829,43.95402447339912,42.49415977398597,43.53559112548828,1011400,0.0,0
2019-05-06,42.70802129121752,43.35891716077661,42.568542338063025,43.18224334716797,776800,0.0,0
2019-05-07,42.875390659686374,43.15434499315674,42.382571218985504,42.57783889770508,674300,0.0,0
2019-05-08,42.40116422610218,42.782402634973266,42.13151038599585,42.15940475463867,334000,0.0,0
2019-05-09,41.67589212963486,42.326788079781316,41.35044592811041,42.10362243652344,481600,0.0,0
2019-05-10,41.93624166171473,42.42906466870059,41.294646315042534,42.18730163574219,497300,0.0,0
2019-05-13,41.13657241444283,41.31324266692302,40.12303560369469,40.206722259521484,517900,0.0,0
2019-05-14,40.28110781974896,40.81112211629065,40.15092936755932,40.56936264038086,508200,0.0,0
2019-05-15,40.4484920937124,41.1830747554534,40.39269979317968,40.92271423339844,488200,0.0,0
2019-05-16,40.969205529763585,41.78747124054868,40.92271017704616,41.369041442871094,487300,0.0,0
2019-05-17,40.88552157794538,41.145878544398016,40.34620666503906,40.34620666503906,453800,0.0,0
2019-05-20,40.02075801731992,40.63445907733126,39.937071347904855,40.057952880859375,506000,0.0,0
2019-05-21,40.30900518294065,40.88551486702592,40.29970824156375,40.84832000732422,654000,0.0,0
2019-05-22,40.64375091380361,40.9320057493763,39.937066330818176,39.992855072021484,449500,0.0,0
2019-05-23,39.4442447423425,40.12303852632479,38.8770390860856,39.351261138916016,489700,0.0,0
2019-05-24,39.5930314824264,39.89058332476338,39.23038684917407,39.444252014160156,318700,0.0,0
2019-05-28,39.555834158365975,39.72320750267142,39.155998229980476,39.15599822998047,518600,0.0,0
2019-05-29,38.830550666720235,39.29547586101433,38.50510444955346,39.01652145385742,478800,0.0,0
2019-05-30,39.07229977557913,39.53722480354114,38.85843468836818,38.98861312866211,387300,0.0,0
2019-05-31,38.57948257228236,38.71895796033513,37.70542119992631,37.97507858276367,583500,0.0,0
2019-06-03,37.96579068074409,38.8305482244109,37.59384912986358,38.291236877441406,639200,0.0,0
2019-06-04,38.739744632086904,39.851669178870196,38.739744632086904,39.82363510131836,584800,0.2,0
2019-06-05,40.02919424292997,40.06657062976087,39.15087053885434,39.73019027709961,385300,0.0,0
2019-06-06,39.78625829318246,40.16001150054254,39.347094621015415,40.04788589477539,616100,0.0,0
2019-06-07,40.3468890265038,40.860801903426214,40.11329194022919,40.74867630004883,412900,0.0,0
2019-06-10,41.1130864429658,42.04747477121503,41.038333665789736,41.402748107910156,534700,0.0,0
2019-06-11,41.82322343169861,42.140915631916,41.458812524121655,41.64569091796875,701400,0.0,0
2019-06-12,41.48683926628676,41.813873724401454,41.019645146461045,41.4307746887207,422300,0.0,0
2019-06-13,41.58027645134552,41.90731090778382,41.103740019905686,41.505523681640625,428800,0.0,0
2019-06-14,41.37470726873726,41.37470726873726,40.42163090203958,40.49638366699219,515600,0.0,0
2019-06-17,40.35622832271675,40.627201777982876,39.861003677471246,39.97312927246094,724300,0.0,0
2019-06-18,40.30016671733621,40.84211005552472,39.98247456584352,40.580482482910156,919000,0.0,0
2019-06-19,40.78605249039097,41.16915156743655,40.52442133124153,40.87948989868164,481700,0.0,0
2019-06-20,41.281277055126964,41.7017525200795,40.76736418214437,40.90752029418945,565400,0.0,0
2019-06-21,40.62719776406905,40.62719776406905,39.97312532316861,40.17869186401367,1349200,0.0,0
2019-06-24,40.27212945516149,40.78604580980879,40.07590879124601,40.08525466918945,478800,0.0,0
2019-06-25,40.066573680891096,40.739330873036664,40.05722780126745,40.29082489013672,565400,0.0,0
2019-06-26,40.3468813858954,41.50552071833366,40.15066072604169,40.8140754699707,763400,0.0,0
2019-06-27,41.49617738690689,41.888622261393884,40.814074468620916,41.85124588012695,484000,0.0,0
2019-06-28,42.16894511899778,42.477291405543426,41.7858460572844,42.29975891113281,766900,0.0,0
2019-07-01,43.03792229744958,43.15004788477595,42.243690179166755,42.598758697509766,513500,0.0,0
2019-07-02,42.33713624317523,42.33713624317523,41.327995142349884,41.552249908447266,654600,0.0,0
2019-07-03,41.683066729383114,42.65483151233374,41.38406272915351,42.15026092529297,1609800,0.0,0
2019-07-05,41.79518879055204,42.038131747871724,41.29996412553592,41.823219299316406,431400,0.0,0
2019-07-08,41.673714493356755,41.925999748398816,40.79539082219458,41.028987884521484,453300,0.0,0
2019-07-09,40.860797705337795,41.06636426075006,40.58048194348998,41.01029968261719,463200,0.0,0
2019-07-10,41.15980214833374,41.54290119243387,39.32840201382619,40.72064208984375,673800,0.0,0
2019-07-11,40.515072517747555,40.62719810259367,39.627403023729634,39.87968826293945,867200,0.0,0
2019-07-12,39.917067699049525,40.86079827546695,39.917067699049525,40.63654708862305,659000,0.0,0
2019-07-15,40.82342549957755,41.00096156630437,40.30951262283877,40.711299896240234,472500,0.0,0
2019-07-16,39.23496855169069,40.701957982276525,38.842523589529264,40.44967269897461,1209000,0.0,0
2019-07-17,40.35623202662754,40.92620949711786,40.150669011014514,40.25345230102539,480800,0.0,0
2019-07-18,40.16000719459988,40.524418047577655,39.94509832141833,40.35622787475586,338200,0.0,0
2019-07-19,40.50573329802167,41.04768024861015,40.496390982918854,40.655235290527344,600900,0.0,0
2019-07-22,40.82342127330945,41.40274455346295,40.80473308061982,41.16914749145508,563800,0.0,0
2019-07-23,41.402743815480875,41.86993793116914,41.27192646898525,41.69240188598633,487200,0.0,0
2019-07-24,41.589621178573516,42.83235931396485,41.589621178573516,42.832359313964844,373100,0.0,0
2019-07-25,42.71088517538159,42.71088517538159,41.673713668864686,41.88862609863281,539000,0.0,0
2019-07-26,42.13156845181531,42.52400982561604,42.084849749849774,42.51466751098633,357500,0.0,0
2019-07-29,42.4866329604336,42.82301328563524,42.131564443342086,42.78563690185547,468700,0.0,0
2019-07-30,42.52400966666097,42.720233917236335,42.187632875121366,42.72023391723633,411900,0.0,0
2019-07-31,42.832363491245744,43.243493095349464,42.43057620260421,42.439918518066406,779000,0.0,0
2019-08-01,42.45859603587906,43.364953677358734,41.48683507379411,41.85124588012695,1090900,0.0,0
2019-08-02,41.524212926042566,41.524212926042566,40.468356760273686,40.571136474609375,428900,0.0,0
2019-08-05,39.73953394696477,39.73953394696477,38.001571108545356,38.48745346069336,813900,0.0,0
2019-08-06,38.63695859264922,39.28168886450461,38.45942608131407,39.05743408203125,576100,0.0,0
2019-08-07,38.552863615204636,39.16021749781025,38.188452711404814,39.048091888427734,551300,0.0,0
2019-08-08,39.216280714627075,40.26279468258973,39.03874464453098,40.0946044921875,975000,0.0,0
2019-08-09,37.43159715792247,39.720845676667764,37.0858709152215,38.608924865722656,1435600,0.0,0
2019-08-12,38.31926013318766,38.74908143230382,38.038944374222005,38.04829025268555,753800,0.0,0
2019-08-13,38.00156729048878,39.365776804013656,37.84272300361178,38.62760925292969,1196400,0.0,0
2019-08-14,37.8894473469241,38.2258277273782,37.03915408051344,37.11390686035156,1024900,0.0,0
2019-08-15,37.15127619420646,37.39421914143869,36.70277025055664,36.74014663696289,915100,0.0,0
2019-08-16,37.11390177217148,38.51548412230595,37.11390177217148,38.300575256347656,990900,0.0,0
2019-08-19,39.253647273175325,39.52462071049568,38.842517742502075,38.870548248291016,1093300,0.0,0
2019-08-20,38.80514586752648,39.03874294799925,38.42204679812747,38.45008087158203,701100,0.0,0
2019-08-21,38.954650788581326,39.169559691063505,38.47811427688759,39.05743408203125,841300,0.0,0
2019-08-22,39.2162738830662,39.62740340775825,39.02939553023959,39.44052505493164,671800,0.0,0
2019-08-23,38.99201702719545,39.49658748307653,37.71190626119309,37.84272003173828,701900,0.0,0
2019-08-26,38.16976177905302,38.33795196327221,37.98288696495044,38.16041946411133,513100,0.0,0
2019-08-27,38.403355935973885,38.403355935973885,37.31012338622729,37.45028305053711,831800,0.0,0
2019-08-28,37.254066488016996,37.53438231001894,37.020469375613864,37.328819274902344,967000,0.0,0
2019-08-29,37.97354388447686,39.16955989204814,37.599790664315265,38.90793228149414,818200,0.0,0
2019-08-30,39.27233906008844,39.375122343267385,38.777114402308236,39.14152526855469,597600,0.0,0
2019-09-03,38.879897845364546,39.04808802500198,38.33795091888648,38.93595886230469,651500,0.0,0
2019-09-04,39.64610280706751,39.91707631704738,39.44988208511344,39.74888610839844,733200,0.0,0
2019-09-05,40.337546414957615,41.57094240966795,40.337546414957615,41.11309051513672,532700,0.0,0
2019-09-06,41.07571049505098,41.38406035759742,40.85145928993414,40.94489669799805,601000,0.0,0
2019-09-09,41.07571002412248,41.458809095846135,40.95424210791374,41.32799530029297,860000,0.0,0
2019-09-10,41.384324574899104,41.65658713497179,40.914901674991874,41.48759460449219,1244500,0.21,0
2019-09-11,41.76925345710106,42.16356699516248,41.06511906935191,42.107234954833984,676600,0.0,0
2019-09-12,42.154179429172544,42.28561727306245,41.43126770636544,42.0415153503418,1183200,0.0,0
2019-09-13,42.39827464726165,42.463993564365495,41.778636584987986,41.95701599121094,552900,0.0,0
2019-09-16,41.63781275453983,42.06968457508474,41.5814842946434,41.7504768371582,499400,0.0,0
2019-09-17,41.43127274243192,41.96641464698148,40.74591562926167,41.327999114990234,734000,0.0,0
2019-09-18,41.28105059790448,41.496984700177876,40.69896362856318,41.39371109008789,617200,0.0,0
2019-09-19,41.34676863867775,41.60025742676621,40.65202119190801,40.75529479980469,879900,0.0,0
2019-09-20,40.971227193037066,41.384321607438515,40.57691370446722,40.65201950073242,1717200,0.0,0
2019-09-23,40.47364300302708,41.750473863800735,40.30465047254748,41.48759460449219,907100,0.0,0
2019-09-24,41.834973161874764,41.938243198954424,40.52058751428289,40.57691955566406,737200,0.0,0
2019-09-25,40.8022464010206,41.71292816931727,40.8022464010206,41.49699401855469,890300,0.0,0
2019-09-26,41.45004662618045,41.675367629569315,41.01817480376172,41.421878814697266,549200,0.0,0
2019-09-27,41.68475951068428,42.032131491872995,41.10267247241758,41.40310287475586,580300,0.0,0
2019-09-30,41.60965472304854,41.82558887478164,41.15900906968209,41.76926040649414,620100,0.0,0
2019-10-01,42.04151387963153,42.39827628728991,40.86795662679311,41.036949157714844,538000,0.0,0
2019-10-02,40.74591519257681,40.93368151528054,40.35159803579031,40.66141891479492,494000,0.0,0
2019-10-03,40.67080423320215,41.14961764934403,40.08872077611264,41.13084030151367,460800,0.0,0
2019-10-04,36.36149802628203,37.61955156306058,35.57286739753409,37.4599494934082,2841700,0.0,0
2019-10-07,37.25340470053217,38.004480686145165,37.02808011414188,37.60077667236328,1065900,0.0,0
2019-10-08,37.23463044402008,37.71344030540232,36.78398481524469,36.81214904785156,1024900,0.0,0
2019-10-09,37.197071714723904,37.46933787179149,36.94358290449677,37.140743255615234,731900,0.0,0
2019-10-10,37.244011122937415,37.826098096866986,36.98113544529987,37.394229888916016,1586300,0.0,0
2019-10-11,38.042035605741596,38.586564355501295,37.79793367059087,37.873043060302734,987100,0.0,0
2019-10-14,37.61955181072709,38.211025681535126,37.57261023589751,38.004478454589844,828700,0.0,0
2019-10-15,38.09836705069373,39.0465998017556,37.948148273625236,38.530235290527344,1177600,0.0,0
2019-10-16,38.76494466298451,39.43152433385107,38.63350682156435,38.75555419921875,1151400,0.0,0
2019-10-17,38.79311359484438,39.22498186370372,38.53962476362354,39.093544006347656,1373400,0.0,0
2019-10-18,39.01843305748713,39.30947296577135,38.774331141893065,38.811885833740234,853100,0.0,0
2019-10-21,39.13109843690402,39.55357981939765,38.868222723980416,38.971492767333984,1940600,0.0,0
2019-10-22,38.962104527133825,39.262534926131224,38.53962315935221,38.84005355834961,1069300,0.0,0
2019-10-23,38.74617055482146,38.74617055482146,38.239192911479904,38.389408111572266,1501800,0.0,0
2019-10-24,38.58656537305107,38.661674764743616,37.3848437572738,37.91059875488281,2030800,0.0,0
2019-10-25,34.73729219783837,37.919978666722464,34.56829967901158,36.77458572387695,3016000,0.0,0
2019-10-28,36.64315007329214,37.6758825921442,36.64315007329214,37.422393798828125,1609500,0.0,0
2019-10-29,37.45055971216864,37.863654170868,37.3472860974938,37.52566909790039,953400,0.0,0
2019-10-30,37.66649155440235,37.78854250815584,36.436605879160105,37.17829132080078,1529600,0.0,0
2019-10-31,37.13135279148865,37.422396295396695,36.624375171034394,37.140743255615234,1205500,0.0,0
2019-11-01,37.48811616987454,37.854265489022566,37.046857461458806,37.60077667236328,944000,0.0,0
2019-11-04,38.06081231044525,38.76494671074569,37.948148227779996,38.680450439453125,1225000,0.0,0
2019-11-05,38.764946618164466,39.45030366971721,38.75555615392507,38.98088073730469,1302900,0.0,0
2019-11-06,38.943328704886376,39.03721544663354,38.01387324077396,38.52084732055664,1047400,0.0,0
2019-11-07,39.04660196158945,39.375196601070826,38.586565884902555,39.30009078979492,1274200,0.0,0
2019-11-08,39.09353902857775,39.412746747831974,38.77433130932352,39.38458251953125,728400,0.0,0
2019-11-11,39.13109698613658,39.46908207960085,38.84944393538732,38.868221282958984,1345900,0.0,0
2019-11-12,38.84944619480612,39.018438751366574,38.24858536321919,38.46451950073242,1100500,0.0,0
2019-11-13,38.25797332709279,38.76495101108913,38.24858644320241,38.473907470703125,676200,0.0,0
2019-11-14,37.985703107736555,38.398797583370175,37.07502504758915,38.07958984375,832600,0.0,0
2019-11-15,38.42696175862717,38.68045057338255,38.08897667228666,38.50206756591797,479400,0.0,0
2019-11-18,38.24858347879239,38.445740257928406,37.92937573006189,38.0889778137207,417200,0.0,0
2019-11-19,38.29552405192029,38.49268082587963,37.81671065069014,38.051422119140625,719500,0.0,0
2019-11-20,38.00447503895133,38.26735069950122,37.40361433974455,37.948143005371094,888100,0.0,0
2019-11-21,37.92937021660151,38.182855420693535,37.67588143109713,38.13591384887695,886100,0.0,0
2019-11-22,38.211031583414275,38.44574307522712,37.85426911306306,37.929378509521484,536800,0.0,0
2019-11-25,38.060808275005854,38.74616525552968,37.85426106009837,38.55839538574219,570300,0.0,0
2019-11-26,38.49267234682227,38.868212046185334,38.28612515403138,38.58655548095703,638200,0.0,0
2019-11-27,38.7743363600455,38.94332891468782,38.57717957343381,38.793113708496094,385600,0.0,0
2019-11-29,38.539617728608626,38.73677447865376,38.135913765328205,38.16408157348633,276900,0.0,0
2019-12-02,38.229806400605376,38.5959557305576,38.05142338653734,38.211029052734375,671200,0.0,0
2019-12-03,37.55986632766236,37.72029979257326,37.02194892176276,37.27675247192383,1202400,0.21,0
2019-12-04,37.55043014934181,38.60739020692915,37.55043014934181,38.3431510925293,957200,0.0,0
2019-12-05,38.39032341178642,38.83387057824088,38.39032341178642,38.7678108215332,707600,0.0,0
2019-12-06,39.21136912980363,39.53223246872331,38.93769083484518,39.041500091552734,752600,0.0,0
2019-12-09,39.050932535812,39.11699230597992,38.682884216308594,38.682884216308594,633000,0.0,0
2019-12-10,38.73950681561127,38.843316059792414,38.456392986018486,38.69232177734375,1311400,0.0,0
2019-12-11,38.88105921156369,39.38122701589137,38.833874180964536,39.3529167175293,565000,0.0,0
2019-12-12,39.29629387424392,40.268319218015286,39.11698931179681,40.221134185791016,444200,0.0,0
2019-12-13,40.22113786628446,40.560875889366955,39.75871946819025,39.90971374511719,669900,0.0,0
2019-12-16,40.192830570089974,40.42875937043096,39.94746620172997,40.372135162353516,1073000,0.0,0
2019-12-17,40.36269686733372,40.579750916984196,39.76815532264651,40.03239440917969,735600,0.0,0
2019-12-18,40.013525142626875,40.013525142626875,39.47560777707636,39.52279281616211,1003800,0.0,0
2019-12-19,39.4850401825537,40.21170124623687,39.183051636605825,39.9568977355957,897800,0.0,0
2019-12-20,40.05127306980758,40.353261655443255,39.78703395737334,39.928592681884766,1494200,0.0,0
2019-12-23,40.11732808308583,40.28719709232864,39.80590396613233,40.07958221435547,478600,0.0,0
2019-12-24,40.00408262152531,40.26832169824617,39.95689758639479,40.1456413269043,198300,0.0,0
2019-12-26,40.25888508484607,40.37212988621346,40.05126661568308,40.19282531738281,401400,0.0,0
2019-12-27,40.258891568465046,40.306076609968244,39.88140403646365,40.136207580566406,356700,0.0,0
2019-12-30,40.117328915563576,40.23057732406713,39.871964563780985,40.03239440917969,505100,0.0,0
2019-12-31,39.95689945657198,40.25888801552676,39.89083968429985,40.05126953125,433000,0.0,0
2020-01-02,40.56087797345806,40.56087797345806,39.77759624664923,40.315513610839844,654500,0.0,0
2020-01-03,39.70209004723221,39.85308430431751,39.30573147237843,39.64546585083008,599100,0.0,0
2020-01-06,39.16417589730082,39.48503916913362,39.03205636183802,39.211360931396484,1162000,0.0,0
2020-01-07,39.230236819790555,39.81533917977169,39.01318277657155,39.76815414428711,1092500,0.0,0
2020-01-08,39.77759292322121,39.99464696432218,39.371795142036284,39.7492790222168,1426000,0.0,0
2020-01-09,39.94745955889536,40.24944808511534,39.66434216557533,40.221134185791016,548600,0.0,0
2020-01-10,40.40044549848216,40.41932023284109,39.98520854256086,40.07958221435547,425700,0.0,0
2020-01-13,39.29629294200163,40.173948200503474,39.239672344670616,40.164512634277344,577800,0.0,0
2020-01-14,40.1078892356566,40.17394900051636,39.40010295502737,39.617156982421875,989200,0.0,0
2020-01-15,39.503914388008724,39.87196269845805,39.437854619465895,39.6265983581543,485800,0.0,0
2020-01-16,39.89083706954934,40.070141639679626,39.6737830320272,39.815338134765625,650000,0.0,0
2020-01-17,39.9097155062375,39.91915107396726,39.24911416553605,39.5039176940918,668000,0.0,0
2020-01-21,38.862191019895214,39.34348417298823,38.70175756887242,38.899940490722656,783100,0.0,0
2020-01-22,39.06036532585274,39.35291828721596,38.937681361411755,39.1358642578125,1096500,0.0,0
2020-01-23,39.09811279718343,39.34347711356056,38.53188523632112,38.8338737487793,1367000,0.0,0
2020-01-24,39.43785164493204,40.47593672944135,38.88105963778942,39.57940673828125,1536500,0.0,0
2020-01-27,38.86219207691004,39.28686463530026,37.871291840658046,38.163841247558594,1291400,0.0,0
2020-01-28,38.484704787769154,38.73007275629638,37.42774476946517,37.47492980957031,1142100,0.0,0
2020-01-29,37.55042334592584,37.89959691240323,36.38965424656537,36.39908981323242,996900,0.0,0
2020-01-30,36.04991252528572,36.55951947239399,35.37043659580804,35.710174560546875,880000,0.0,0
2020-01-31,35.50255637162351,35.50255637162351,34.21910342889825,34.436161041259766,1290800,0.0,0
2020-02-03,34.46447583823668,34.87027361869686,34.42672637028983,34.577720642089844,787900,0.0,0
2020-02-04,35.14395171128046,35.266632081602836,34.5682849275047,34.76646423339844,812700,0.0,0
2020-02-05,35.10620746943726,35.455381098464635,34.97408791250733,35.23832702636719,561700,0.0,0
2020-02-06,35.332693441529884,35.64412116480659,34.908024509770826,35.04957962036133,705300,0.0,0
2020-02-07,34.79477603212939,35.63468192658736,33.90768510090174,33.9454345703125,601200,0.0,0
2020-02-10,33.72838040576582,34.143613767900675,33.454702153455614,33.84162521362305,1167700,0.0,0
2020-02-11,33.97374538786082,34.55884777265523,33.8699361453999,34.275733947753906,517200,0.0,0
2020-02-12,34.47391361833217,34.95521036558359,34.44560331554831,34.794776916503906,696800,0.0,0
2020-02-13,34.43616906052717,34.74759320298285,34.08699184627461,34.66265869140625,708900,0.0,0
2020-02-14,34.70984099379173,34.813650233085994,34.25685816777016,34.32291793823242,535500,0.0,0
2020-02-18,34.077552281824026,34.18136151713081,33.08665216296475,33.4547004699707,922600,0.0,0
2020-02-19,33.62457000846586,33.89824465137343,33.52076077150656,33.78499984741211,669200,0.0,0
2020-02-20,33.69062794939604,34.134171574172726,33.65287848346141,34.08698654174805,502700,0.0,0
2020-02-21,34.020924732158925,34.039799463992125,33.5396316703668,33.5773811340332,1471100,0.0,0
2020-02-24,32.52986349142906,32.94509687571635,31.91644718283428,32.03913116455078,871500,0.0,0
2020-02-25,32.14293624717182,32.26561661300991,30.793423423054744,31.02935218811035,1152800,0.0,0
2020-02-26,31.359655517314486,31.737143035543877,30.62355881675372,30.66130828857422,952200,0.0,0
2020-02-27,29.944082392437636,30.35931577790287,29.29292021068784,29.34954261779785,1171200,0.0,0
2020-02-28,28.386952748352126,30.01014222173084,28.292580869668672,28.953182220458984,1517800,0.0,0
2020-03-02,29.000365296650422,29.764775842245847,28.547382469626747,29.745901107788086,1037400,0.0,0
2020-03-03,29.736399253942274,30.67694512903944,29.13787187276514,29.394384384155273,811100,0.21,0
2020-03-04,29.75540076672585,29.831404272931962,28.824357362684285,29.69839859008789,949400,0.0,0
2020-03-05,28.767354561834786,29.080869244640503,28.130824531645427,28.57734489440918,850600,0.0,0
2020-03-06,27.636802567272767,29.54639277677431,27.589301053491106,28.69135284423828,2074100,0.0,0
2020-03-09,26.848265331664596,27.313787050025738,26.135731756446532,26.496747970581055,1625000,0.0,0
2020-03-10,27.28528413819633,27.864812006436086,26.49674708059026,27.807809829711914,1531700,0.0,0
2020-03-11,26.924267877894703,27.361287585278053,26.230735657708152,26.867265701293945,1489300,0.0,0
2020-03-12,24.929173175592524,24.95767516946814,22.060037693174372,22.2690486907959,1316700,0.0,0
2020-03-13,23.922127216477726,25.37569453164063,22.858076293762053,25.366195678710938,1538200,0.0,0
2020-03-16,22.060037480057318,25.318691120295288,22.060037480057318,22.383052825927734,1143500,0.0,0
2020-03-17,22.839077990486246,23.751120133833453,20.644473185432037,23.513608932495117,1746800,0.0,0
2020-03-18,21.832025016978953,22.715566806920165,16.95829689487481,18.80138397216797,1527600,0.0,0
2020-03-19,18.73488177819502,21.18599715554961,17.670832675193484,20.86298179626465,1087700,0.0,0
2020-03-20,21.8035260348059,23.181089727499383,21.119492708495805,21.898529052734375,2980700,0.0,0
2020-03-23,22.193047221297455,23.133591360656897,20.96748855324122,21.841529846191406,1339900,0.0,0
2020-03-24,23.010081392082427,24.368645568203377,22.734569378416264,24.216638565063477,941600,0.0,0
2020-03-25,24.397149138567762,25.033679184905054,22.753572178286852,23.92212677001953,1287500,0.0,0
2020-03-26,24.34014643583057,25.70820952300338,23.523107399719162,25.52770233154297,905300,0.0,0
2020-03-27,24.48265212063033,24.558655623423526,22.924577595270147,23.038583755493164,856000,0.0,0
2020-03-30,23.45660561111863,24.330646862031458,22.46855819179692,24.102636337280273,751800,0.0,0
2020-03-31,24.226140265808404,24.91967247381598,23.409101229923785,23.84612274169922,980500,0.0,0
2020-04-01,22.915077581440425,23.912623731544972,22.34505043335225,23.41860008239746,1102000,0.0,0
2020-04-02,23.39960209180449,24.150138336440147,23.171591562464528,24.074134826660156,601000,0.0,0
2020-04-03,24.387648395589977,24.406649725166975,23.314098643420817,23.713115692138672,1060300,0.0,0
2020-04-06,24.976678934012888,25.81271756981555,24.625161556872374,25.698711395263672,582500,0.0,0
2020-04-07,26.86726501051334,27.570297877402187,25.2711896101964,25.641706466674805,921100,0.0,0
2020-04-08,26.16423127777129,26.914765630424267,25.736710448239176,26.639253616333008,1258000,0.0,0
2020-04-09,27.40879384812144,27.741309902735747,26.48724919858464,26.810264587402344,731300,0.0,0
2020-04-13,26.96226683797682,26.96226683797682,25.879216498027425,26.335237503051758,833700,0.0,0
2020-04-14,26.838764538596298,27.19028189800402,26.306739979015152,26.610754013061523,831800,0.0,0
2020-04-15,25.56570364257144,25.78421349645784,24.634660238307763,25.185686111450195,1085500,0.0,0
2020-04-16,25.48019901895807,26.097727722569296,24.758164816619885,26.05022621154785,1045500,0.0,0
2020-04-17,26.63925564846197,27.42779271814393,26.30673962369008,26.525249481201172,567400,0.0,0
2020-04-20,26.60125206395772,26.60125206395772,25.375693509790608,25.52770233154297,496900,0.0,0
2020-04-21,24.84366835811059,25.2616885303852,24.492152836477977,24.720163345336914,923200,0.0,0
2020-04-22,25.128683478100942,25.850715868075568,24.910171816119327,25.52770233154297,434900,0.0,0
2020-04-23,25.708207762801482,26.458743907295563,25.708207762801482,25.93621826171875,480300,0.0,0
2020-04-24,25.850714901094193,26.781760065676227,25.841216048902325,26.734256744384766,449400,0.0,0
2020-04-27,26.7437602686968,28.32083446290173,26.7437602686968,28.04532241821289,582200,0.0,0
2020-04-28,29.365883088103978,30.439434670747637,26.60125300957426,27.674802780151367,1652000,0.0,0
2020-04-29,28.26382857627543,29.32787939057383,27.788806247262396,28.776853561401367,1174600,0.0,0
2020-04-30,28.548843963245638,29.204375346989323,28.064322736203078,28.520343780517578,1307500,0.0,0
2020-05-01,28.016819592854382,28.45384112220051,27.826811729193658,28.301834106445312,1022100,0.0,0
2020-05-04,27.912314908933098,28.235330279906677,27.076276297750464,27.418292999267578,851800,0.0,0
2020-05-05,28.273331849832466,28.45384085889635,26.924268238438984,26.952770233154297,1054400,0.0,0
2020-05-06,27.275781219939276,27.30428321197986,26.477745375533058,26.667753219604492,1358100,0.0,0
2020-05-07,26.971772281811194,27.199782824729564,26.639258039263602,26.810264587402344,754900,0.0,0
2020-05-08,26.639254309211157,27.741306018373027,26.639254309211157,27.43729019165039,2398300,0.0,0
2020-05-11,27.190280632994202,27.34228764294536,26.249734767329983,26.88626480102539,1314800,0.0,0
2020-05-12,27.142776222824324,27.389788057119205,25.983722365348108,26.002723693847656,884900,0.0,0
2020-05-13,25.746213322449872,26.47774822152401,24.40665035768636,24.625160217285156,1363400,0.0,0
2020-05-14,24.283141635774996,24.891171466243794,23.48510395558867,24.83416748046875,1047900,0.0,0
2020-05-15,24.55865291444951,24.986171890978287,23.99812646365437,24.131132125854492,933100,0.0,0
2020-05-18,24.95767594311306,25.88871936044597,24.625159919189436,25.79371452331543,1655300,0.0,0
2020-05-19,25.660710764980898,26.496749407946602,25.318694050461588,25.898221969604492,1175300,0.0,0
2020-05-20,26.23073563788358,26.933768522316672,26.1642327965552,26.55375099182129,753300,0.0,0
2020-05-21,26.4492438216673,27.076273160416903,26.23073398193531,26.32573699951172,1412700,0.0,0
2020-05-22,26.230734199642992,26.230734199642992,25.356693021394335,26.002723693847656,1097900,0.0,0
2020-05-26,26.84826472607587,27.88381364366697,26.363741688408485,27.47529411315918,763300,0.0,0
2020-05-27,27.921813977740143,28.149824495025893,27.085775414359063,27.19028091430664,790900,0.0,0
2020-05-28,27.304286038929405,27.361288216845917,26.05972791736391,26.202234268188477,1087900,0.0,0
2020-05-29,25.97422389362663,26.126230910321354,25.413697340039864,25.87921905517578,925000,0.0,0
2020-06-01,25.812713868120895,26.639253531908043,25.68920885779548,26.221233367919922,737600,0.0,0
2020-06-02,26.383980479275994,26.929657587870278,26.096782577687335,26.920085906982422,696100,0.21,0
2020-06-03,27.38917623567183,28.652849898771738,27.101976513902045,28.365650177001953,840600,0.0,0
2020-06-04,28.068878784939912,28.796448857349446,28.011439570948543,28.604982376098633,1157200,0.0,0
2020-06-05,29.533594875176004,29.97396526207323,28.65285227542172,28.767730712890625,1338600,0.0,0
2020-06-08,29.208101796873958,30.500496037187983,29.1698077685578,30.39518928527832,930200,0.0,0
2020-06-09,30.06969849158303,30.06969849158303,29.054930440103632,29.246395111083984,1095100,0.0,0
2020-06-10,29.35170061552931,29.35170061552931,27.312591092068992,27.389177322387695,1016300,0.0,0
2020-06-11,26.18294151840992,26.28824643861672,25.311772507286385,25.359638214111328,1734400,0.0,0
2020-06-12,26.470138458802367,26.795630366186842,25.4553705377588,26.163793563842773,804300,0.0,0
2020-06-15,25.168175315799594,26.42227554684861,25.062868562290202,26.18294334411621,1314500,0.0,0
2020-06-16,27.11154975446787,27.44661518026424,26.230807236412122,26.728618621826172,771800,0.0,0
2020-06-17,26.738194992285283,26.747768499871693,25.761719129989956,26.096784591674805,717600,0.0,0
2020-06-18,25.857449437811407,26.441420552418563,25.417077268741846,25.876596450805664,705200,0.0,0
2020-06-19,26.115932090818973,26.470142748280885,25.46494817055828,25.780866622924805,1195300,0.0,0
2020-06-22,25.694704414315005,26.75733993669009,24.986281341384856,26.680753707885742,1930000,0.0,0
2020-06-23,27.121122815847382,27.561494980626573,26.81477791476254,27.044536590576172,1333600,0.0,0
2020-06-24,26.786056150077258,26.786056150077258,25.761714749968846,25.80000877380371,2777700,0.0,0
2020-06-25,25.74257122423471,25.74257122423471,24.124686843260626,25.053295135498047,1742900,0.0,0
2020-06-26,24.823537692739265,25.196895364746343,24.67036522084098,24.928844451904297,1533600,0.0,0
2020-06-29,25.17774482296427,25.943608901151404,24.995853679285016,25.914888381958008,816200,0.0,0
2020-06-30,25.92446200402808,26.881790736563765,25.6181171017702,26.69989776611328,958200,0.0,0
2020-07-01,26.81477740569363,27.034962570923266,25.685129234919504,25.75214195251465,954200,0.0,0
2020-07-02,26.10635465075808,26.393552536573658,25.598969771460297,25.713850021362305,769900,0.0,0
2020-07-06,26.249955861242356,26.498861569231817,25.79043847385863,26.04891586303711,1819900,0.0,0
2020-07-07,25.780862237699598,26.001047400935157,25.25433035600983,25.311771392822266,1293100,0.0,0
2020-07-08,25.187319333361742,25.732996438070195,25.187319333361742,25.417078018188477,1003200,0.0,0
2020-07-09,25.330918275597384,25.58939748068545,24.871400906080627,25.177745819091797,1420300,0.0,0
2020-07-10,25.23518594601854,25.579823047697396,25.10115868195932,25.330917358398438,771500,0.0,0
2020-07-13,25.32134686165245,25.512811521322497,24.871401168210387,24.900121688842773,1284600,0.0,0
2020-07-14,24.813963277686803,24.813963277686803,24.086393149793352,24.603351593017578,899500,0.0,0
2020-07-15,25.15860097057262,25.531958610091934,24.87140124128414,25.445798873901367,674400,0.0,0
2020-07-16,25.330920011046356,25.52238650777577,24.852255595182655,24.976709365844727,554100,0.0,0
2020-07-17,24.995854528808632,25.216039705562423,24.612921563720665,24.80438804626465,964500,0.0,0
2020-07-20,24.68950961750602,24.92884180770615,24.517190148408375,24.80438804626465,565200,0.0,0
2020-07-21,24.77566705648588,25.37878518689586,24.488469164073283,24.64164161682129,823100,0.0,0
2020-07-22,24.526765083677077,25.18732065241208,24.526765083677077,24.8809757232666,728800,0.0,0
2020-07-23,24.81396145052382,25.55110503152667,24.699081196279863,25.38835906982422,862200,0.0,0
2020-07-24,25.26390569477639,25.63726515730216,24.91926857869994,25.005428314208984,523200,0.0,0
2020-07-27,24.957561103308993,25.608544968493415,24.7565229351572,25.579824447631836,1010800,0.0,0
2020-07-28,25.531959137400104,25.57025133985357,24.900122276259836,24.957561492919922,635500,0.0,0
2020-07-29,24.957561367823086,25.675557963334498,24.82353592096808,25.541532516479492,682100,0.0,0
2020-07-30,24.995854107491763,25.646837946017026,24.823534641298643,25.598970413208008,511000,0.0,0
2020-07-31,25.61811847544727,25.61811847544727,25.139454083512817,25.579824447631836,518900,0.0,0
2020-08-03,25.790439142151058,26.680755244502127,25.503239398124354,25.86702537536621,542100,0.0,0
2020-08-04,26.72861929696735,27.829547015855574,26.422274383115987,27.571067810058594,1419700,0.0,0
2020-08-05,27.781681520186023,27.858267749234347,27.32216414589607,27.705095291137695,1482200,0.0,0
2020-08-06,27.858268803934113,28.327359702859614,27.542350368904295,27.685949325561523,931800,0.0,0
2020-08-07,28.80602328491864,28.80602328491864,27.37960361447335,27.973146438598633,1059100,0.0,0
2020-08-10,27.73381631738842,27.982722039210916,27.13069994117382,27.322166442871094,1051500,0.0,0
2020-08-11,27.705094364389907,28.40394390932401,27.532774898305405,27.618934631347656,762600,0.0,0
2020-08-12,27.81997272355407,28.05930490898785,27.30301615251613,27.551921844482422,656200,0.0,0
2020-08-13,27.427468779744263,27.53277552830767,26.824352460607727,27.025390625,602500,0.0,0
2020-08-14,26.91051240586803,27.168989786969,26.546726449421186,27.1594181060791,431800,0.0,0
2020-08-17,27.360457526145268,27.58064271589995,26.824353899711326,26.862646102905273,1075100,0.0,0
2020-08-18,26.967950224854356,26.967950224854356,25.943608782451875,26.02019500732422,706400,0.0,0
2020-08-19,25.953187170482078,26.470143829117692,25.800014691926343,26.307397842407227,570000,0.0,0
2020-08-20,26.08720923330201,26.08720923330201,25.493664586773402,25.685131072998047,694700,0.0,0
2020-08-21,25.464944906545387,25.723424105157868,25.283051934267014,25.531957626342773,671800,0.0,0
2020-08-24,25.79043606014587,26.709470748901367,25.79043606014587,26.709470748901367,650400,0.0,0
2020-08-25,26.766914327951266,26.958380832329592,26.144650927661566,26.460569381713867,489800,0.0,0
2020-08-26,26.49886084860709,26.623312786237516,25.800011279387604,26.33611488342285,785700,0.0,0
2020-08-27,26.450994641454052,26.575448411289198,26.020197765615023,26.278676986694336,339900,0.0,0
2020-08-28,26.221234514786495,26.92008590698242,26.125503098230094,26.920085906982422,524900,0.0,0
2020-08-31,26.987098744159805,27.130697695567136,26.33611488342285,26.33611488342285,561500,0.0,0
2020-09-01,26.240382100228626,26.795632727768755,25.953184192382267,26.49886131286621,450400,0.0,0
2020-09-02,26.546725196693274,27.762533119826326,26.546725196693274,27.695520401000977,541800,0.0,0
2020-09-03,28.13589120364149,28.710288815269937,27.494480872082327,27.618934631347656,1051100,0.0,0
2020-09-04,27.83911786387259,28.011437317946477,26.652030523091945,26.96794891357422,676400,0.0,0
2020-09-08,26.678596965222198,26.678596965222198,25.771948536676994,25.926271438598633,701300,0.21,0
2020-09-09,26.05166247095758,26.85221329213785,25.99379183704706,26.504985809326172,574700,0.0,0
2020-09-10,26.65930657074116,27.112631712131712,26.33136993897213,26.447113037109375,594800,0.0,0
2020-09-11,26.640017400671393,26.717178852330523,26.119176222216662,26.398887634277344,583800,0.0,0
2020-09-14,27.02582320055446,27.334468990535324,26.726820981795722,26.939016342163086,477400,0.0,0
2020-09-15,27.04511640725753,27.373051208274855,26.562856857966985,26.611082077026367,495600,0.0,0
2020-09-16,26.823271927398928,27.112628720982226,26.591787596336648,26.6400146484375,601400,0.0,0
2020-09-17,26.21562722915963,26.910080260514377,26.10952954838045,26.543563842773438,656100,0.0,0
2020-09-18,26.77505003632395,27.035470630951007,25.86840158077465,26.099885940551758,1294900,0.0,0
2020-09-21,25.463300842339937,25.50188248479295,24.450556643709962,25.067848205566406,684600,0.0,0
2020-09-22,24.923170827889113,25.463300946727788,24.923170827889113,25.087139129638672,672300,0.0,0
2020-09-23,25.077495310815603,25.424722757661065,24.14191249419477,24.16120147705078,1099400,0.0,0
2020-09-24,23.987589350034142,24.730267613170334,23.659652729044517,24.527719497680664,887700,0.0,0
2020-09-25,24.334813249888104,24.70133148988497,24.04545829382653,24.575942993164062,426100,0.0,0
2020-09-28,25.125720157004565,25.463302187607553,24.90388122020154,25.357206344604492,454700,0.0,0
2020-09-29,25.23181987697795,25.511531303102768,24.76885114374468,24.952110290527344,480900,0.0,0
2020-09-30,25.125720111258897,25.521172768204845,24.739912865418223,24.923171997070312,692700,0.0,0
2020-10-01,24.961750004682674,25.453654897592347,24.855654169511205,25.376493453979492,539100,0.0,0
2020-10-02,24.874945410190318,25.36684847172876,24.836363767895715,25.04855728149414,742000,0.0,0
2020-10-05,25.231816659731273,25.955205903048512,25.231816659731273,25.53081703186035,1167300,0.0,0
2020-10-06,25.57904517861188,26.051659283687126,25.270399382617768,25.337915420532227,614700,0.0,0
2020-10-07,25.50188444683666,26.92937221329359,25.395786761601986,26.794340133666992,951500,0.0,0
2020-10-08,27.054758281836847,27.054758281836847,26.369950647854672,26.6689510345459,470700,0.0,0
2020-10-09,27.025819972228327,27.09333600076237,26.57249491263038,27.074045181274414,479100,0.0,0
2020-10-12,27.093339427381355,27.459855845638515,26.987241746452742,27.411630630493164,779500,0.0,0
2020-10-13,27.14156400969087,27.9421147042866,27.14156400969087,27.700984954833984,1251700,0.0,0
2020-10-14,27.893891563693963,28.221828194499857,27.63347097340561,27.729923248291016,598100,0.0,0
2020-10-15,27.864955227602373,27.864955227602373,27.054759065001292,27.71063232421875,446500,0.0,0
2020-10-16,27.75885738425089,28.18324441818687,27.594889081242993,27.68169593811035,426900,0.0,0
2020-10-19,27.81672783953878,28.077148408554933,27.131918399497106,27.228370666503906,378400,0.0,0
2020-10-20,27.334469284365696,27.855308600638637,26.890789576743373,27.006532669067383,408200,0.0,0
2020-10-21,26.900432758974603,27.170498725572287,26.495334728915022,26.514625549316406,728800,0.0,0
2020-10-22,26.4664014190297,26.948660910719223,26.360303742162337,26.755756378173828,661000,0.0,0
2020-10-23,26.775047096331765,26.83291772000311,26.302433017055545,26.736465454101562,485400,0.0,0
2020-10-26,26.39888580770282,26.69788618223445,25.125719183908085,25.569398880004883,1244300,0.0,0
2020-10-27,25.337914339466437,25.665850943636976,24.952107110934623,25.096784591674805,1457500,0.0,0
2020-10-28,24.566298963429844,24.836364953360693,23.804329888481515,24.026168823242188,1298500,0.0,0
2020-10-29,23.987587937622173,25.000332134787325,23.640360514743165,23.785037994384766,980300,0.0,0
2020-10-30,23.6403605658464,24.07439300570944,23.43781062217114,23.7946834564209,811200,0.0,0
2020-11-02,24.07439398620357,24.942462580632007,23.823620658562074,24.86530113220215,770300,0.0,0
2020-11-03,25.289688450034355,25.540463620040185,25.12572014040262,25.366849899291992,556800,0.0,0
2020-11-04,25.231819334536855,25.51153075464835,24.556655233330886,24.836366653442383,697300,0.0,0
2020-11-05,25.164299428591214,26.013075290949466,24.88458805142697,25.685138702392578,765000,0.0,0
2020-11-06,25.752657075510587,25.964850585314903,25.41507507016478,25.791236877441406,487500,0.0,0
2020-11-09,26.524272144649647,27.797436913244994,26.379594664522717,27.20907974243164,793900,0.0,0
2020-11-10,27.083695284451448,27.585245640010985,26.717178849034322,27.26695442199707,726200,0.0,0
2020-11-11,27.469501783896508,27.61417927178377,26.746112504786122,27.537017822265625,740100,0.0,0
2020-11-12,27.2765958700159,27.787789723038305,26.562852086048238,26.823270797729492,539900,0.0,0
2020-11-13,27.19943849593249,27.92282779806182,26.890790848364375,27.729923248291016,526900,0.0,0
2020-11-16,27.71062959054791,28.88734391235709,27.71062959054791,28.790891647338867,572200,0.0,0
2020-11-17,28.376149927312536,28.597988862621385,27.816728963674453,28.337568283081055,481800,0.0,0
2020-11-18,28.472599706242463,28.704084032349243,27.768501317708434,27.787790298461914,420800,0.0,0
2020-11-19,27.652762081213712,27.864955616408448,27.189793364602938,27.797439575195312,481400,0.0,0
2020-11-20,27.60453652834289,27.836020883840998,27.38269574460901,27.720277786254883,473500,0.0,0
2020-11-23,28.289342392083658,28.72337668095537,28.057858051243414,28.607633590698242,482600,0.0,0
2020-11-24,28.887347110940006,30.083350546442457,28.520828831222428,29.957962036132812,1103900,0.0,0
2020-11-25,29.9193778426369,29.9193778426369,29.186343230359352,29.40818214416504,858900,0.0,0
2020-11-27,29.302087153332774,30.208735551424454,29.302087153332774,29.581798553466797,588000,0.0,0
2020-11-30,29.60108992664676,29.745767415073324,29.234571660313787,29.27315330505371,1044900,0.0,0
2020-12-01,29.486823100101898,30.283238958380082,29.486823100101898,30.108415603637695,782500,0.21,0
2020-12-02,29.943305432351107,31.021381572088494,29.65193440390459,30.924257278442383,1187400,0.0,0
2020-12-03,30.8271365015511,31.56527862398014,30.64260050782083,31.39045524597168,801200,0.0,0
2020-12-04,31.64297835067256,32.42967981691523,31.64297835067256,31.92463493347168,752800,0.0,0
2020-12-07,32.03147277523792,32.18687092040344,31.351604500769763,31.85664939880371,872600,0.0,0
2020-12-08,31.778950476402553,32.157733203391665,31.409878512035597,31.574987411499023,699900,0.0,0
2020-12-09,31.574988006525963,31.876073523260274,30.856272999459918,30.96310806274414,800300,0.0,0
2020-12-10,30.594037552698808,31.15735811777567,30.41921418457039,30.972820281982422,453600,0.0,0
2020-12-11,30.797996847368445,31.1282183525666,30.26381598145539,30.652311325073242,677900,0.0,0
2020-12-14,30.924257598249415,31.283615080217004,30.74943423837682,30.77857208251953,799200,0.0,0
2020-12-15,30.953396780456263,32.08003234863281,30.807709405936716,32.08003234863281,727300,0.0,0
2020-12-16,32.12859411249825,32.342264214436675,31.62354929021779,32.15773010253906,668600,0.0,0
2020-12-17,32.1771560221019,32.730762074670395,31.953771448695623,32.555938720703125,1045000,0.0,0
2020-12-18,32.6822038970225,33.16782354657716,32.34226791934389,32.8958740234375,1618000,0.0,0
2020-12-21,32.22572324417746,32.604506013333975,31.17678292498933,32.54623031616211,802900,0.0,0
2020-12-22,32.59478883722645,33.27465331222661,32.49766269438106,33.07069396972656,1103700,0.0,0
2020-12-23,34.08078739730587,34.08078739730587,32.67248966254436,33.85740280151367,1490700,0.0,0
2020-12-24,33.7991256524135,33.92538779415216,33.21638357589994,33.47861862182617,472500,0.0,0
2020-12-28,33.847691330319066,34.32360026260778,33.449483327785344,34.19733810424805,511700,0.0,0
2020-12-29,34.372157644296294,34.372157644296294,33.66315341206253,33.876827239990234,822800,0.0,0
2020-12-30,33.85739977732372,34.35273014896996,33.643725963484684,33.837974548339844,528400,0.0,0
2020-12-31,33.68257890567158,34.36244715031573,33.37178262897435,34.10021209716797,605100,0.0,0
2021-01-04,34.23618212963651,34.60525406658544,33.92538587904275,34.35272979736328,1143700,0.0,0
2021-01-05,34.16819495801764,35.43080516244745,34.16819495801764,35.11029815673828,690000,0.0,0
2021-01-06,35.38224571747862,36.256362513196265,35.187997128987625,36.081539154052734,1931800,0.0,0
2021-01-07,36.40204753286787,36.88766716970706,35.79988022058273,36.82939147949219,857800,0.0,0
2021-01-08,36.7128422275292,37.37328520166857,36.28549829925582,36.86824035644531,750700,0.0,0
2021-01-11,36.19809124097071,37.28587828224265,35.99413186541675,37.16933059692383,532000,0.0,0
2021-01-12,37.315013865138226,37.70351108522171,37.15961571810165,37.36357879638672,710800,0.0,0
2021-01-13,37.09162481020114,37.30529862610957,36.66428088336791,36.91680145263672,482400,0.0,0
2021-01-14,37.043067120551925,37.81034707355369,36.868243746324076,37.43156433105469,567200,0.0,0
2021-01-15,37.344147927447565,37.71321986031372,37.004211984944895,37.49954605102539,847500,0.0,0
2021-01-19,37.8783291186645,39.04381690946627,37.74235622231795,38.78158187866211,1280400,0.0,0
2021-01-20,40.07332867896109,41.083418359274944,39.034103007575126,39.22835159301758,1363000,0.0,0
2021-01-21,39.17979057309762,39.31576347210703,38.00459199739218,38.441650390625,1145300,0.0,0
2021-01-22,37.91718239790546,38.363951577715646,37.4995492109139,38.15999221801758,1163200,0.0,0
2021-01-25,38.15999313822175,38.59705156595973,37.70350947980832,38.09200668334961,1241600,0.0,0
2021-01-26,38.59705091645769,38.59705091645769,36.839106472242285,37.645233154296875,2587200,0.0,0
2021-01-27,36.741980975846595,37.674369725285395,35.741602073339145,36.615718841552734,1749700,0.0,0
2021-01-28,37.013924108276164,37.39270677895396,34.576111799325155,34.877197265625,1729700,0.0,0
2021-01-29,35.05202574912759,35.58620661191332,33.81855141943175,34.29446029663086,2184800,0.0,0
2021-02-01,34.53727368141462,35.994132751196126,34.39158629244278,35.770748138427734,694700,0.0,0
2021-02-02,36.314634880904144,36.3243493481726,35.149147042596844,35.518218994140625,1179500,0.0,0
2021-02-03,35.40167171375088,36.14952638740299,34.74122872156417,35.323970794677734,847700,0.0,0
2021-02-04,36.110675160586204,36.48945787056002,34.97432332568111,36.03297424316406,749700,0.0,0
2021-02-05,36.421470259173766,36.86823940515691,35.62505440590518,36.615718841552734,735600,0.0,0
2021-02-08,36.62543534049352,37.44127655029297,36.62543534049352,37.44127655029297,528600,0.0,0
2021-02-09,37.470414941678534,37.625813085499026,36.91680511777255,37.33443832397461,531400,0.0,0
2021-02-10,37.557819072173324,37.87832979498456,37.072199459417114,37.382999420166016,594400,0.0,0
2021-02-11,37.43156511740875,37.78121187320974,36.65457438506436,37.73264694213867,628500,0.0,0
2021-02-12,37.6452314321107,38.20855197149709,37.179037040023864,37.78120803833008,407800,0.0,0
2021-02-16,37.703503242453046,38.44164706607233,37.63551679882802,38.19883728027344,513700,0.0,0
2021-02-17,38.11143112661752,38.60676153116409,37.392712426410505,37.74235916137695,446000,0.0,0
2021-02-18,37.577241029623266,37.90746248574614,36.68370279833977,36.72255325317383,398100,0.0,0
2021-02-19,36.955650119839824,37.61609305974359,36.66427910634897,37.421844482421875,697600,0.0,0
2021-02-22,37.49954907848746,37.49954907848746,36.72255839786931,36.78083038330078,438200,0.0,0
2021-02-23,37.5286843875395,37.5286843875395,35.42109697319538,36.38262176513672,434600,0.0,0
2021-02-24,36.56715896338107,37.353860378643674,36.56715896338107,37.04306411743164,806700,0.0,0
2021-02-25,36.60600978370249,36.975081774259316,36.062118118654624,36.25636672973633,3023800,0.0,0
2021-02-26,36.59629586159014,37.315010844077406,36.07182576843429,36.97507858276367,1424700,0.0,0
2021-03-01,37.868620798718446,38.645611474362376,37.57724605349115,38.3056755065918,787900,0.0,0
2021-03-02,38.15998941658526,38.470785667113645,37.61609412566881,37.67436981201172,579800,0.0,0
2021-03-03,37.76178386881011,38.11143059893543,37.08191563856463,37.24702453613281,791500,0.0,0
2021-03-04,37.0624881123616,37.732641833593384,35.45023117165813,36.56715774536133,1071100,0.0,0
2021-03-05,37.07219988587223,37.907466222218666,35.54735458067556,37.87833023071289,1598300,0.0,0
2021-03-08,38.247406950837295,38.80101308843201,37.87833495744611,38.130855560302734,985800,0.0,0
2021-03-09,38.46285443612583,38.872970592765675,37.88674145471147,38.05274200439453,818600,0.21,0
2021-03-10,38.53120281508765,38.53120281508765,37.632859255543835,37.88673782348633,894900,0.0,0
2021-03-11,38.199206602707704,38.44332219349044,37.25204064340835,38.23826599121094,1064500,0.0,0
2021-03-12,38.8729647584166,38.902257434884206,38.169910723929995,38.46284866333008,624200,0.0,0
2021-03-15,38.5507319551076,39.69319480671164,38.07226750415071,39.566253662109375,680800,0.0,0
2021-03-16,39.59554487289079,40.01542395302117,38.92178723786922,39.283077239990234,729200,0.0,0
2021-03-17,39.156138824262825,40.55248028558076,38.218735860344125,40.474365234375,937900,0.0,0
2021-03-18,40.435306129534254,41.48988726501047,39.91778227133294,40.04471969604492,1134200,0.0,0
2021-03-19,39.956835170014514,40.38648096210588,39.37095928522743,39.57601547241211,1000400,0.0,0
2021-03-22,39.42954899709136,39.908013441541975,38.99990319809789,39.43931198120117,390800,0.0,0
2021-03-23,39.23425788663544,39.8006041179612,37.457096691065885,37.68168258666992,736200,0.0,0
2021-03-24,38.04297001747632,38.931550554553496,37.73050238190466,37.769561767578125,677500,0.0,0
2021-03-25,37.39850698627531,39.136612489490645,37.14462841609324,38.99990463256836,515000,0.0,0
2021-03-26,39.20496674212683,40.49389680858884,38.843672973186514,40.42554473876953,550700,0.0,0
2021-03-29,39.99589677622469,40.64036177523455,39.28307971102501,39.45884323120117,700300,0.0,0
2021-03-30,39.4588427638628,40.30836395138064,39.370961004815555,40.152130126953125,459900,0.0,0
2021-03-31,40.044720169796896,40.88447840429798,40.044720169796896,40.53295135498047,519100,0.0,0
2021-04-01,40.55248044560025,41.04071162351466,40.44506899047376,41.030948638916016,382300,0.0,0
2021-04-05,41.54847414382805,42.24176154999233,41.460592379320715,41.968353271484375,883100,0.0,0
2021-04-06,41.939059976114514,42.603054692667605,41.59729590808691,42.46635055541992,1376200,0.0,0
2021-04-07,42.41752507900699,42.671407387543034,41.900001201857386,41.968353271484375,854800,0.0,0
2021-04-08,41.929293236385845,42.222234930173876,41.66564794692164,42.10505676269531,952900,0.0,0
2021-04-09,42.105056118846704,42.30034933674961,41.97811869338187,42.24176025390625,802700,0.0,0
2021-04-12,42.31987498326433,42.495638490074874,42.026937046882736,42.31011199951172,561700,0.0,0
2021-04-13,42.39799534421536,42.856933861200346,42.39799534421536,42.69093704223633,1061900,0.0,0
2021-04-14,42.67140696281731,43.63810263786763,42.51517313023805,43.12057876586914,1085800,0.0,0
2021-04-15,43.345163041877605,43.423281817691844,42.80810949533358,43.00340270996094,537500,0.0,0
2021-04-16,43.39398444784176,43.55998498029575,42.87646060677753,43.208457946777344,767000,0.0,0
2021-04-19,43.257283023650714,43.862688660959705,42.6714070810818,42.85693359375,451400,0.0,0
2021-04-20,42.6811700435399,42.72999241791022,41.79258942032985,42.036705017089844,532600,0.0,0
2021-04-21,42.05623415718145,42.76905124333099,41.85117795258535,42.632347106933594,701100,0.0,0
2021-04-22,42.407763728850746,43.21822561063217,42.1734111061607,42.44682312011719,727300,0.0,0
2021-04-23,42.925284374916295,43.32563379280455,42.45658288994284,43.130340576171875,348600,0.0,0
2021-04-26,43.43304669309481,43.608810221420555,43.1498717058024,43.413516998291016,429000,0.0,0
2021-04-27,43.44281216817777,43.7064537282645,43.120577800436614,43.32563400268555,479300,0.0,0
2021-04-28,43.3549320974327,43.3549320974327,42.4956441415175,42.62258529663086,704200,0.0,0
2021-04-29,43.130340576171875,43.65763114360762,42.759287561968904,43.130340576171875,787400,0.0,0
2021-04-30,43.5013951372297,43.5013951372297,42.407758393715156,42.88622283935547,821900,0.0,0
2021-05-03,43.45257570967014,43.57951686145925,42.681169539048554,42.7299919128418,572200,0.0,0
2021-05-04,42.407761114516454,42.89599230052294,41.45082843693273,41.714473724365234,1072800,0.0,0
2021-05-05,41.948822170960185,42.222234165214935,41.45082800537797,42.046470642089844,1876300,0.0,0
2021-05-06,42.00741088315885,42.65187588729762,41.37270886359279,42.476112365722656,1648800,0.0,0
2021-05-07,42.32964084316865,43.755278686933316,42.16364403373976,43.69668960571289,1413800,0.0,0
2021-05-10,43.88221895123428,44.253275706514756,43.05222740051295,43.081520080566406,739300,0.0,0
2021-05-11,42.07576186697113,42.32964043331842,41.07000686099526,41.7632942199707,1057900,0.0,0
2021-05-12,41.392241871787725,41.57777211769847,40.30836797692932,40.34742736816406,841700,0.0,0
2021-05-13,40.56224794023865,41.85117797688883,40.56224794023865,41.450828552246094,777400,0.0,0
2021-05-14,41.743768976955614,42.60305696027436,41.460593977636805,42.44682312011719,555200,0.0,0
2021-05-17,42.19294022364513,43.19869904797732,41.694946029001834,43.04246520996094,539900,0.0,0
2021-05-18,43.05222741213423,43.24752063732974,42.54446651658927,42.62258529663086,553400,0.0,0
2021-05-19,41.802353949308575,42.915520416474614,41.607060737107396,42.876461029052734,567900,0.0,0
2021-05-20,42.915520269510225,43.54045556648733,42.42728910313334,43.50139617919922,769500,0.0,0
2021-05-21,43.72598637475224,43.94080930108383,43.30610723232697,43.530696868896484,327000,0.0,0
2021-05-24,43.7259812634835,44.01892293784135,42.67140390048283,43.804100036621094,473400,0.0,0
2021-05-25,44.02868842355534,44.36068577843657,43.159637510018435,43.25728225708008,386100,0.0,0
2021-05-26,43.63810408215924,43.823634325362136,43.14010988836458,43.40375518798828,442600,0.0,0
2021-05-27,43.78457265586399,43.9408064854827,43.364693540343374,43.423282623291016,685100,0.0,0
2021-05-28,43.540453970684766,43.540453970684766,42.612814043586,43.02293014526367,713900,0.0,0
2021-06-01,43.35493072905005,43.579516627218474,42.81787344548604,43.25728225708008,685200,0.0,0
2021-06-02,43.49163205391787,43.540454424293166,42.847167080202915,43.14986801147461,541500,0.0,0
2021-06-03,42.798346941758545,42.964343754672896,42.53470165809315,42.67140579223633,729900,0.0,0
2021-06-04,42.89599002096405,43.013164456404446,42.58352237651758,42.91551971435547,585700,0.0,0
2021-06-07,42.91552345282721,43.00340521829012,42.046472508198626,42.45658493041992,622100,0.0,0
2021-06-08,42.4762122954915,43.19265444905446,42.221042604793666,43.12395477294922,614400,0.22,0
2021-06-09,43.29079647949088,43.41838318781144,42.98655240391145,43.05525207519531,672700,0.0,0
2021-06-10,43.231911808050874,43.34968214471726,42.61361098881224,42.66268539428711,993800,0.0,0
2021-06-11,42.86878367159641,43.21228204081937,42.7215679454429,43.10432434082031,530100,0.0,0
2021-06-14,43.0945136727393,43.17302972863115,41.72051264544483,41.74995803833008,432000,0.0,0
2021-06-15,41.838284328799624,42.08364137360681,41.68125596987708,41.76958465576172,564000,0.0,0
2021-06-16,41.641997821673236,42.08364124979713,41.06295504787776,41.39664077758789,614800,0.0,0
2021-06-17,41.406452781818025,41.71069685963952,39.708582511852505,39.87542724609375,684900,0.0,0
2021-06-18,39.24731407464596,39.63988309542544,38.10885754983819,38.128482818603516,978300,0.0,0
2021-06-21,38.28551132790232,39.20805620529724,38.27569869348064,38.687896728515625,729300,0.0,0
2021-06-22,38.481796196136386,38.56031224382442,37.9223824598384,38.108856201171875,564300,0.0,0
2021-06-23,38.10885714932179,39.001956622811846,38.04015373395981,38.599571228027344,876100,0.0,0
2021-06-24,38.85474043269707,39.1491681275965,38.5210547134507,39.070655822753906,493300,0.0,0
2021-06-25,39.04121155795961,39.83616972656947,38.93325385981923,39.59081268310547,1135200,0.0,0
2021-06-28,39.590813287897,39.66932559620212,39.208056893262366,39.492671966552734,751800,0.0,0
2021-06-29,39.50248160892511,39.865608963014544,39.3160116149551,39.61043930053711,732400,0.0,0
2021-06-30,39.48285575093404,39.620255098923224,39.04121231536067,39.33564376831055,818600,0.0,0
2021-07-01,39.52211361418573,39.93431165645335,39.21786952785622,39.492671966552734,433100,0.0,0
2021-07-02,39.30619670027119,39.69876945822659,38.93325295459867,39.28656768798828,675500,0.0,0
2021-07-06,39.23749569243569,39.23749569243569,37.72609549280549,38.20699691772461,1303400,0.0,0
2021-07-07,38.138299920647455,38.75660072632749,37.8929428740595,38.40328598022461,738600,0.0,0
2021-07-08,37.59851442595216,38.491613908177506,37.24519968681223,37.942012786865234,598100,0.0,0
2021-07-09,38.31495401447737,39.19823706028653,38.31495401447737,38.83510971069336,516700,0.0,0
2021-07-12,38.56030988706087,38.93324985923171,38.48179384417165,38.84492492675781,501300,0.0,0
2021-07-13,38.678086305221605,38.89400171335547,38.4229166133056,38.63882827758789,788700,0.0,0
2021-07-14,39.001959417422405,39.4435991248212,38.53087057352096,38.63882827758789,472100,0.0,0
2021-07-15,38.4229129579851,39.01176834106445,38.02052757264892,39.01176834106445,1596100,0.0,0
2021-07-16,39.335643408285165,39.3650850557701,38.06960015251294,38.21681213378906,942200,0.0,0
2021-07-19,37.333526647731134,37.79479531910811,36.931141267590995,37.519996643066406,627600,0.0,0
2021-07-20,37.69665494168163,38.81548242921155,37.451297905158356,38.54068374633789,670600,0.0,0
2021-07-21,39.02158314131626,40.13059804299331,39.01177050672241,39.492671966552734,731800,0.0,0
2021-07-22,39.22768464975424,39.53192498248684,38.540684190796206,38.599571228027344,659000,0.0,0
2021-07-23,38.75660036452997,39.30619774769152,38.57012661479897,39.247314453125,332600,0.0,0
2021-07-26,39.3847135067594,39.99319792382511,39.3847135067594,39.747840881347656,436100,0.0,0
2021-07-27,39.56137138291663,39.76747040270977,39.080469926214576,39.463226318359375,314100,0.0,0
2021-07-28,39.50248198352942,39.96375439975456,39.178608905622106,39.6693229675293,521100,0.0,0
2021-07-29,40.11096963513303,40.55261307554842,40.05208633897863,40.29744338989258,326200,0.0,0
2021-07-30,40.003011173301054,40.64094099109155,39.96375689122813,40.5526123046875,495200,0.0,0
2021-08-02,40.59186957289156,41.20035398795464,40.01282680479644,40.091339111328125,493300,0.0,0
2021-08-03,40.150225135516585,41.25923998414585,39.55155336993927,41.1905403137207,803600,0.0,0
2021-08-04,41.05314035166957,41.05314035166957,40.454468595151134,40.57223892211914,462800,0.0,0
2021-08-05,40.78815427236593,40.87648295347734,40.18948251637203,40.38576889038086,503100,0.0,0
2021-08-06,40.778339856063674,41.24942493003425,40.63112787636427,41.02369689941406,419400,0.0,0
2021-08-09,41.072767085842464,41.072767085842464,40.552611357968246,40.77833938598633,370500,0.0,0
2021-08-10,40.9648106194046,41.259238301195786,40.37595151197114,41.14146423339844,337600,0.0,0
2021-08-11,41.14146851054779,41.49478326296896,40.72927046195742,41.38682556152344,396800,0.0,0
2021-08-12,41.38682408718347,41.57329783534708,39.56137083778878,40.99425506591797,840500,0.0,0
2021-08-13,40.79796596153097,41.15128067779454,39.93430818220348,40.08152389526367,722500,0.0,0
2021-08-16,39.580997950013966,39.993195964129434,39.19823783766952,39.82635498046875,609100,0.0,0
2021-08-17,39.46322518652862,39.71839860320755,39.041210780664564,39.65951156616211,330300,0.0,0
2021-08-18,39.433783377093626,39.71839843919434,39.04121061944773,39.10009765625,506600,0.0,0
2021-08-19,38.6682696289469,38.80566896745348,38.09903951930402,38.42291259765625,646800,0.0,0
2021-08-20,38.44253582272704,38.903808215073745,38.31495286880854,38.84492492675781,296300,0.0,0
2021-08-23,39.080468353683244,39.16879703630488,38.45235494119662,38.88418197631836,643100,0.0,0
2021-08-24,38.903812408447266,39.3847138633518,38.83511273543968,38.903812408447266,399900,0.0,0
2021-08-25,38.96269751806594,39.88523861267593,38.85473982472676,39.698768615722656,619700,0.0,0
2021-08-26,39.81654153214625,40.04226956751017,39.59081349678233,39.70858383178711,434500,0.0,0
2021-08-27,39.50247948371586,40.621306875045946,39.40433817508551,40.37594985961914,383900,0.0,0
2021-08-30,40.405392432939806,40.591866165018494,40.08152311192849,40.15022277832031,305000,0.0,0
2021-08-31,40.24836858973138,40.42502596416426,39.63007152306774,39.70858383178711,562300,0.0,0
2021-09-01,39.82635594410159,39.82635594410159,39.00195615207242,39.070655822753906,333600,0.0,0
2021-09-02,39.10991142747004,39.30619781199947,38.766413062432086,38.903812408447266,382000,0.0,0
2021-09-03,38.85443814622923,39.02229918344174,38.52859601123219,38.726078033447266,517000,0.24,0
2021-09-07,38.627337320345816,38.75570120703293,38.36073714029866,38.41011047363281,336700,0.0,0
2021-09-08,38.25212385664018,38.25212385664018,37.63992920444182,38.07439041137695,497000,0.0,0
2021-09-09,38.1435086939929,38.71620242341886,37.9953962335147,38.10401153564453,407400,0.0,0
2021-09-10,38.192879107627476,38.76557284978441,38.192879107627476,38.27186965942383,595700,0.0,0
2021-09-13,38.45947781655984,38.568093116964384,37.47207147347309,37.98552322387695,818100,0.0,0
2021-09-14,38.025018507502125,38.025018507502125,37.25484272689171,37.620182037353516,456400,0.0,0
2021-09-15,37.58068893740238,37.86703393072368,37.16597629076963,37.6695556640625,675700,0.0,0
2021-09-16,37.669554629210836,38.104012077249166,37.284462979825136,37.47207260131836,844300,0.0,0
2021-09-17,37.30421069409462,37.797913869047306,36.257562373854974,36.57353210449219,1726900,0.0,0
2021-09-20,36.178566229346835,36.534033100011925,35.60587253400782,36.227935791015625,826500,0.0,0
2021-09-21,36.42541962828286,36.583404493527475,35.823101152457696,35.84284973144531,670100,0.0,0
2021-09-22,36.22793647790634,36.672270074662386,35.98108489822589,36.356300354003906,664300,0.0,0
2021-09-23,36.534036038959876,37.17585169225282,36.534036038959876,36.7907600402832,587400,0.0,0
2021-09-24,36.71177107630397,37.31408959647124,36.59328336031164,37.096858978271484,462100,0.0,0
2021-09-27,37.13635592139756,38.27187104020029,37.13635592139756,37.797916412353516,463900,0.0,0
2021-09-28,37.570813003577044,37.718925471173584,36.85000677903067,36.978370666503906,737800,0.0,0
2021-09-29,37.00799176101016,37.551064532682986,36.5340371366417,36.99811935424805,751700,0.0,0
2021-09-30,37.057362617101646,37.40295713230084,36.47479266480376,36.504417419433594,562100,0.0,0
2021-10-01,36.78088685415963,37.69917506889801,36.42541996243428,37.373329162597656,792000,0.0,0
2021-10-04,37.49182237080777,37.89665884584195,36.830258121367606,36.9684944152832,741000,0.0,0
2021-10-05,37.08698358059873,37.432574293814035,36.96849210750524,37.25484085083008,790400,0.0,0
2021-10-06,36.80063448385927,37.19559475707573,36.11932547006792,37.18572235107422,737600,0.0,0
2021-10-07,37.10673301264838,37.10673301264838,35.83297789752784,35.95146560668945,1456000,0.0,0
2021-10-08,36.10945266963218,36.62290446275489,36.03046211427454,36.37605285644531,757000,0.0,0
2021-10-11,36.53403784146507,36.98824389441543,36.28718623442815,36.39580154418945,649200,0.0,0
2021-10-12,36.45504155543025,36.49453871442608,35.71448677421223,36.02058410644531,569600,0.0,0
2021-10-13,35.86259991131523,36.1983182357783,35.55650257332769,36.148948669433594,473600,0.0,0
2021-10-14,36.58340777242122,37.343711181635385,36.54391061090595,37.21534729003906,549900,0.0,0
2021-10-15,37.551064562881045,37.75842277161743,36.96849463037822,37.007991790771484,523300,0.0,0
2021-10-18,36.70189546123639,37.531317019116926,36.62290490492505,37.205474853515625,474400,0.0,0
2021-10-19,37.45232426811172,37.55106339937897,37.00799064409626,37.52144241333008,428200,0.0,0
2021-10-20,37.521442443381446,37.92627890855167,37.49182145730883,37.531314849853516,369500,0.0,0
2021-10-21,37.343709208612715,37.620181791299174,36.8105088562976,37.5708122253418,884000,0.0,0
2021-10-22,37.649805473805046,38.06451433604445,37.353584319826,37.36345672607422,475700,0.0,0
2021-10-25,37.323960813595605,37.985525053998785,37.19559692814607,37.60043716430664,463300,0.0,0
2021-10-26,37.82753775203199,37.82753775203199,37.13635256964241,37.14622497558594,522300,0.0,0
2021-10-27,37.156103642822806,37.17585222269198,36.02058478361217,36.148948669433594,813900,0.0,0
2021-10-28,36.28718476361654,36.968493815426896,36.040333166585135,36.850006103515625,537000,0.0,0
2021-10-29,38.10401290582856,38.67670665584805,37.21534564431637,37.63005828857422,840200,0.0,0
2021-11-01,37.857162676945315,38.73595379698209,37.76829594757886,38.63721466064453,949300,0.0,0
2021-11-02,38.78532191206378,39.20990696239017,38.49897692075008,39.10129165649414,546500,0.0,0
2021-11-03,39.10128942890966,39.89121751164016,38.90381117488329,39.39751434326172,584100,0.0,0
2021-11-04,39.614740813250165,39.77272567501827,38.38048290360679,38.60758590698242,628400,0.0,0
2021-11-05,38.89393699229419,40.01957967112836,38.76557310728399,39.792476654052734,767700,0.0,0
2021-11-08,39.83197256257475,39.92083928530525,38.726078498216765,38.814945220947266,603000,0.0,0
2021-11-09,38.785318814883325,38.90381028457499,38.27186707952127,38.49897384643555,535900,0.0,0
2021-11-10,38.360735571583845,39.06179694970096,38.13363256082851,38.844566345214844,669500,0.0,0
2021-11-11,38.97293277239989,39.446887404064476,38.884066043546746,39.33827209472656,306600,0.0,0
2021-11-12,39.30864718635582,39.68385887816985,38.93343172788558,39.318519592285156,391000,0.0,0
2021-11-15,39.48638407370623,39.525877467527756,38.864316979474566,39.239532470703125,387800,0.0,0
2021-11-16,39.377765218380965,39.73323209734832,39.12103746505734,39.298770904541016,429600,0.0,0
2021-11-17,39.19015571526656,39.39751390634466,38.82481642938187,39.318519592285156,651300,0.0,0
2021-11-18,39.35801975329181,39.69373808035579,38.45948007889359,39.16053771972656,329900,0.0,0
2021-11-19,38.86431293786487,38.92355490576469,38.41010693957088,38.4693489074707,850600,0.0,0
2021-11-22,38.735951259243585,39.52587559816298,38.44960250930519,38.884063720703125,598400,0.0,0
2021-11-23,38.96305372658673,39.081545200760466,38.5977144311918,38.78532028198242,506100,0.0,0
2021-11-24,38.65696199526559,38.83469544826984,38.33111607587229,38.40023422241211,577700,0.0,0
2021-11-26,37.63992959280789,37.93615074908421,36.247686768318445,36.68214797973633,489600,0.0,0
2021-11-29,37.1956000100122,37.26472192840944,36.45504515565845,36.72164535522461,589900,0.0,0
2021-11-30,36.363867068249405,36.53281461653018,35.48930457228296,36.04584503173828,575500,0.24,0
2021-12-01,36.79120904735253,37.09929454677678,35.88683319091797,35.88683319091797,610200,0.0,0
2021-12-02,36.00609178631489,37.61607884047356,35.886834468890264,37.28812026977539,771900,0.0,0
2021-12-03,37.48688366503985,38.24218503680395,37.129107934317304,37.814842224121094,1169100,0.0,0
2021-12-06,38.252125443201706,38.69934131648259,37.675708144389205,38.013607025146484,976100,0.0,0
2021-12-07,38.490640299348414,38.99749051906346,38.25212567099447,38.60989761352539,811000,0.0,0
2021-12-08,38.609897681643275,39.1763746638854,38.2620622683794,38.75897216796875,479300,0.0,0
2021-12-09,38.50058367067811,38.917986198928354,37.924166322764584,38.5999641418457,415800,0.0,0
2021-12-10,38.997490572907196,39.24594552260657,38.29187563450851,38.70928192138672,650400,0.0,0
2021-12-13,38.70928255576579,38.89810695582802,38.22230917828082,38.37138366699219,562400,0.0,0
2021-12-14,38.301816690088536,39.20619257269378,38.093115438207725,38.66952896118164,637100,0.0,0
2021-12-15,38.59002607578897,38.66952969133543,37.79496717359355,38.58008575439453,688400,0.0,0
2021-12-16,38.94779877125661,39.23600743921358,38.41113893055281,38.49064254760742,586100,0.0,0
2021-12-17,38.550270692401654,38.77884878992858,37.85459607885965,38.162681579589844,1572900,0.0,0
2021-12-20,37.60614077611945,37.76515178990577,36.84089908754729,37.31793212890625,528800,0.0,0
2021-12-21,37.62601973168248,39.01736523236978,37.506762412451415,38.927921295166016,574600,0.0,0
2021-12-22,38.74903737190865,39.3950179956064,38.74903737190865,39.37514114379883,354300,0.0,0
2021-12-23,39.51427403036092,40.34908282352244,39.44470694685761,40.00124740600586,418300,0.0,0
2021-12-27,40.14038195768593,41.07457501560597,40.07081487351594,41.04475784301758,365700,0.0,0
2021-12-28,41.10438763952852,41.40253282206542,40.94537662276739,41.034820556640625,396600,0.0,0
2021-12-29,40.925499962897156,41.670864818280975,40.925499962897156,41.53173065185547,367100,0.0,0
2021-12-30,41.23358681853313,41.800063823890056,41.00500491920779,41.0546989440918,284200,0.0,0
2021-12-31,41.07457728593332,41.273338228192756,40.84599537831544,40.97519302368164,247000,0.0,0
